 900 16200 5 
 1 2 39 
 2 3 14 
 3 4 84 
 4 5 59 
 5 6 10 
 6 7 28 
 7 8 63 
 8 9 9 
 9 10 100 
 10 11 98 
 11 12 70 
 12 13 94 
 13 14 22 
 14 15 14 
 15 16 87 
 16 17 82 
 17 18 55 
 18 19 2 
 19 20 32 
 20 21 77 
 21 22 95 
 22 23 29 
 23 24 59 
 24 25 91 
 25 26 89 
 26 27 50 
 27 28 40 
 28 29 88 
 29 30 94 
 30 31 60 
 31 32 21 
 32 33 89 
 33 34 47 
 34 35 63 
 35 36 45 
 36 37 46 
 37 38 24 
 38 39 77 
 39 40 60 
 40 41 45 
 41 42 50 
 42 43 93 
 43 44 22 
 44 45 84 
 45 46 16 
 46 47 85 
 47 48 68 
 48 49 93 
 49 50 37 
 50 51 26 
 51 52 29 
 52 53 38 
 53 54 10 
 54 55 32 
 55 56 67 
 56 57 66 
 57 58 52 
 58 59 19 
 59 60 39 
 60 61 12 
 61 62 86 
 62 63 72 
 63 64 73 
 64 65 65 
 65 66 2 
 66 67 8 
 67 68 96 
 68 69 43 
 69 70 39 
 70 71 61 
 71 72 90 
 72 73 8 
 73 74 58 
 74 75 91 
 75 76 58 
 76 77 13 
 77 78 79 
 78 79 59 
 79 80 28 
 80 81 46 
 81 82 24 
 82 83 63 
 83 84 81 
 84 85 14 
 85 86 52 
 86 87 64 
 87 88 75 
 88 89 71 
 89 90 51 
 90 91 75 
 91 92 57 
 92 93 31 
 93 94 49 
 94 95 88 
 95 96 81 
 96 97 5 
 97 98 90 
 98 99 86 
 99 100 86 
 100 101 69 
 101 102 51 
 102 103 21 
 103 104 19 
 104 105 30 
 105 106 86 
 106 107 13 
 107 108 22 
 108 109 82 
 109 110 96 
 110 111 54 
 111 112 58 
 112 113 74 
 113 114 37 
 114 115 65 
 115 116 51 
 116 117 89 
 117 118 39 
 118 119 77 
 119 120 89 
 120 121 13 
 121 122 8 
 122 123 77 
 123 124 92 
 124 125 77 
 125 126 51 
 126 127 53 
 127 128 96 
 128 129 96 
 129 130 92 
 130 131 76 
 131 132 33 
 132 133 81 
 133 134 92 
 134 135 84 
 135 136 36 
 136 137 81 
 137 138 46 
 138 139 55 
 139 140 87 
 140 141 35 
 141 142 30 
 142 143 71 
 143 144 5 
 144 145 19 
 145 146 7 
 146 147 9 
 147 148 74 
 148 149 53 
 149 150 50 
 150 151 11 
 151 152 38 
 152 153 4 
 153 154 19 
 154 155 92 
 155 156 70 
 156 157 63 
 157 158 95 
 158 159 96 
 159 160 60 
 160 161 53 
 161 162 34 
 162 163 24 
 163 164 59 
 164 165 63 
 165 166 42 
 166 167 45 
 167 168 68 
 168 169 20 
 169 170 61 
 170 171 53 
 171 172 61 
 172 173 27 
 173 174 86 
 174 175 15 
 175 176 51 
 176 177 31 
 177 178 38 
 178 179 19 
 179 180 27 
 180 181 82 
 181 182 31 
 182 183 99 
 183 184 1 
 184 185 30 
 185 186 6 
 186 187 22 
 187 188 53 
 188 189 11 
 189 190 54 
 190 191 60 
 191 192 75 
 192 193 5 
 193 194 7 
 194 195 8 
 195 196 41 
 196 197 45 
 197 198 80 
 198 199 41 
 199 200 76 
 200 201 42 
 201 202 44 
 202 203 12 
 203 204 56 
 204 205 62 
 205 206 66 
 206 207 73 
 207 208 21 
 208 209 94 
 209 210 35 
 210 211 10 
 211 212 100 
 212 213 28 
 213 214 45 
 214 215 68 
 215 216 19 
 216 217 16 
 217 218 80 
 218 219 96 
 219 220 13 
 220 221 43 
 221 222 3 
 222 223 68 
 223 224 4 
 224 225 28 
 225 226 59 
 226 227 17 
 227 228 60 
 228 229 21 
 229 230 81 
 230 231 34 
 231 232 35 
 232 233 7 
 233 234 7 
 234 235 21 
 235 236 14 
 236 237 82 
 237 238 26 
 238 239 32 
 239 240 26 
 240 241 6 
 241 242 7 
 242 243 64 
 243 244 83 
 244 245 31 
 245 246 70 
 246 247 53 
 247 248 92 
 248 249 78 
 249 250 32 
 250 251 46 
 251 252 59 
 252 253 33 
 253 254 42 
 254 255 57 
 255 256 5 
 256 257 9 
 257 258 53 
 258 259 66 
 259 260 66 
 260 261 95 
 261 262 61 
 262 263 95 
 263 264 91 
 264 265 63 
 265 266 73 
 266 267 34 
 267 268 88 
 268 269 40 
 269 270 21 
 270 271 59 
 271 272 43 
 272 273 86 
 273 274 34 
 274 275 30 
 275 276 57 
 276 277 37 
 277 278 34 
 278 279 94 
 279 280 52 
 280 281 63 
 281 282 38 
 282 283 56 
 283 284 26 
 284 285 29 
 285 286 20 
 286 287 48 
 287 288 99 
 288 289 53 
 289 290 4 
 290 291 33 
 291 292 45 
 292 293 31 
 293 294 64 
 294 295 82 
 295 296 8 
 296 297 52 
 297 298 31 
 298 299 37 
 299 300 81 
 300 301 14 
 301 302 51 
 302 303 27 
 303 304 16 
 304 305 27 
 305 306 14 
 306 307 48 
 307 308 89 
 308 309 33 
 309 310 8 
 310 311 57 
 311 312 31 
 312 313 76 
 313 314 88 
 314 315 92 
 315 316 17 
 316 317 33 
 317 318 50 
 318 319 77 
 319 320 71 
 320 321 30 
 321 322 74 
 322 323 25 
 323 324 100 
 324 325 19 
 325 326 96 
 326 327 30 
 327 328 96 
 328 329 14 
 329 330 86 
 330 331 90 
 331 332 49 
 332 333 8 
 333 334 96 
 334 335 97 
 335 336 5 
 336 337 87 
 337 338 73 
 338 339 4 
 339 340 41 
 340 341 100 
 341 342 33 
 342 343 35 
 343 344 96 
 344 345 1 
 345 346 31 
 346 347 100 
 347 348 3 
 348 349 49 
 349 350 19 
 350 351 76 
 351 352 100 
 352 353 58 
 353 354 48 
 354 355 68 
 355 356 36 
 356 357 61 
 357 358 5 
 358 359 39 
 359 360 16 
 360 361 70 
 361 362 54 
 362 363 40 
 363 364 52 
 364 365 96 
 365 366 55 
 366 367 47 
 367 368 55 
 368 369 17 
 369 370 45 
 370 371 9 
 371 372 84 
 372 373 75 
 373 374 98 
 374 375 67 
 375 376 81 
 376 377 9 
 377 378 49 
 378 379 92 
 379 380 91 
 380 381 96 
 381 382 96 
 382 383 4 
 383 384 27 
 384 385 27 
 385 386 76 
 386 387 23 
 387 388 48 
 388 389 63 
 389 390 7 
 390 391 55 
 391 392 80 
 392 393 3 
 393 394 57 
 394 395 15 
 395 396 70 
 396 397 46 
 397 398 74 
 398 399 51 
 399 400 5 
 400 401 27 
 401 402 25 
 402 403 2 
 403 404 20 
 404 405 27 
 405 406 63 
 406 407 50 
 407 408 94 
 408 409 51 
 409 410 41 
 410 411 98 
 411 412 32 
 412 413 76 
 413 414 38 
 414 415 30 
 415 416 54 
 416 417 62 
 417 418 85 
 418 419 35 
 419 420 30 
 420 421 45 
 421 422 50 
 422 423 69 
 423 424 20 
 424 425 23 
 425 426 53 
 426 427 96 
 427 428 75 
 428 429 100 
 429 430 70 
 430 431 22 
 431 432 28 
 432 433 97 
 433 434 95 
 434 435 91 
 435 436 11 
 436 437 50 
 437 438 26 
 438 439 53 
 439 440 10 
 440 441 50 
 441 442 35 
 442 443 99 
 443 444 2 
 444 445 23 
 445 446 81 
 446 447 68 
 447 448 71 
 448 449 24 
 449 450 61 
 450 451 100 
 451 452 76 
 452 453 69 
 453 454 38 
 454 455 1 
 455 456 47 
 456 457 21 
 457 458 73 
 458 459 59 
 459 460 61 
 460 461 22 
 461 462 50 
 462 463 89 
 463 464 4 
 464 465 19 
 465 466 13 
 466 467 1 
 467 468 18 
 468 469 69 
 469 470 36 
 470 471 38 
 471 472 43 
 472 473 68 
 473 474 16 
 474 475 39 
 475 476 37 
 476 477 97 
 477 478 37 
 478 479 63 
 479 480 26 
 480 481 50 
 481 482 2 
 482 483 65 
 483 484 3 
 484 485 69 
 485 486 82 
 486 487 98 
 487 488 97 
 488 489 14 
 489 490 96 
 490 491 4 
 491 492 27 
 492 493 3 
 493 494 31 
 494 495 37 
 495 496 23 
 496 497 88 
 497 498 78 
 498 499 71 
 499 500 47 
 500 501 61 
 501 502 49 
 502 503 75 
 503 504 6 
 504 505 75 
 505 506 75 
 506 507 13 
 507 508 19 
 508 509 58 
 509 510 80 
 510 511 29 
 511 512 16 
 512 513 36 
 513 514 46 
 514 515 49 
 515 516 70 
 516 517 12 
 517 518 14 
 518 519 25 
 519 520 48 
 520 521 80 
 521 522 23 
 522 523 48 
 523 524 30 
 524 525 42 
 525 526 45 
 526 527 98 
 527 528 28 
 528 529 19 
 529 530 65 
 530 531 56 
 531 532 98 
 532 533 87 
 533 534 36 
 534 535 64 
 535 536 48 
 536 537 3 
 537 538 80 
 538 539 22 
 539 540 29 
 540 541 91 
 541 542 33 
 542 543 40 
 543 544 22 
 544 545 52 
 545 546 59 
 546 547 97 
 547 548 15 
 548 549 56 
 549 550 31 
 550 551 63 
 551 552 32 
 552 553 78 
 553 554 90 
 554 555 5 
 555 556 80 
 556 557 78 
 557 558 52 
 558 559 88 
 559 560 79 
 560 561 19 
 561 562 25 
 562 563 74 
 563 564 33 
 564 565 38 
 565 566 26 
 566 567 59 
 567 568 83 
 568 569 82 
 569 570 67 
 570 571 21 
 571 572 51 
 572 573 6 
 573 574 43 
 574 575 69 
 575 576 67 
 576 577 2 
 577 578 1 
 578 579 56 
 579 580 90 
 580 581 34 
 581 582 98 
 582 583 8 
 583 584 20 
 584 585 60 
 585 586 88 
 586 587 39 
 587 588 5 
 588 589 96 
 589 590 33 
 590 591 1 
 591 592 65 
 592 593 80 
 593 594 66 
 594 595 68 
 595 596 38 
 596 597 4 
 597 598 4 
 598 599 87 
 599 600 89 
 600 601 76 
 601 602 50 
 602 603 29 
 603 604 39 
 604 605 96 
 605 606 56 
 606 607 81 
 607 608 14 
 608 609 23 
 609 610 62 
 610 611 78 
 611 612 16 
 612 613 49 
 613 614 84 
 614 615 67 
 615 616 99 
 616 617 72 
 617 618 14 
 618 619 91 
 619 620 70 
 620 621 94 
 621 622 95 
 622 623 50 
 623 624 34 
 624 625 29 
 625 626 90 
 626 627 96 
 627 628 5 
 628 629 44 
 629 630 51 
 630 631 76 
 631 632 100 
 632 633 3 
 633 634 52 
 634 635 26 
 635 636 39 
 636 637 60 
 637 638 89 
 638 639 78 
 639 640 94 
 640 641 16 
 641 642 67 
 642 643 49 
 643 644 30 
 644 645 80 
 645 646 54 
 646 647 61 
 647 648 22 
 648 649 44 
 649 650 32 
 650 651 83 
 651 652 49 
 652 653 8 
 653 654 58 
 654 655 65 
 655 656 67 
 656 657 4 
 657 658 13 
 658 659 54 
 659 660 14 
 660 661 76 
 661 662 24 
 662 663 81 
 663 664 79 
 664 665 39 
 665 666 54 
 666 667 16 
 667 668 69 
 668 669 90 
 669 670 91 
 670 671 95 
 671 672 65 
 672 673 24 
 673 674 47 
 674 675 51 
 675 676 55 
 676 677 3 
 677 678 95 
 678 679 28 
 679 680 52 
 680 681 69 
 681 682 63 
 682 683 6 
 683 684 64 
 684 685 15 
 685 686 44 
 686 687 37 
 687 688 78 
 688 689 73 
 689 690 49 
 690 691 19 
 691 692 25 
 692 693 86 
 693 694 91 
 694 695 13 
 695 696 69 
 696 697 25 
 697 698 71 
 698 699 79 
 699 700 56 
 700 701 22 
 701 702 4 
 702 703 45 
 703 704 9 
 704 705 49 
 705 706 89 
 706 707 40 
 707 708 68 
 708 709 31 
 709 710 100 
 710 711 23 
 711 712 76 
 712 713 67 
 713 714 92 
 714 715 74 
 715 716 76 
 716 717 83 
 717 718 59 
 718 719 19 
 719 720 49 
 720 721 97 
 721 722 65 
 722 723 20 
 723 724 81 
 724 725 42 
 725 726 3 
 726 727 67 
 727 728 32 
 728 729 44 
 729 730 40 
 730 731 89 
 731 732 33 
 732 733 56 
 733 734 23 
 734 735 21 
 735 736 55 
 736 737 99 
 737 738 51 
 738 739 57 
 739 740 80 
 740 741 63 
 741 742 88 
 742 743 29 
 743 744 13 
 744 745 48 
 745 746 89 
 746 747 62 
 747 748 33 
 748 749 98 
 749 750 73 
 750 751 72 
 751 752 99 
 752 753 24 
 753 754 7 
 754 755 38 
 755 756 13 
 756 757 28 
 757 758 17 
 758 759 54 
 759 760 68 
 760 761 5 
 761 762 35 
 762 763 14 
 763 764 93 
 764 765 28 
 765 766 38 
 766 767 44 
 767 768 40 
 768 769 86 
 769 770 45 
 770 771 69 
 771 772 26 
 772 773 46 
 773 774 72 
 774 775 61 
 775 776 99 
 776 777 53 
 777 778 67 
 778 779 14 
 779 780 78 
 780 781 53 
 781 782 90 
 782 783 69 
 783 784 86 
 784 785 26 
 785 786 97 
 786 787 28 
 787 788 57 
 788 789 92 
 789 790 59 
 790 791 34 
 791 792 19 
 792 793 7 
 793 794 97 
 794 795 90 
 795 796 99 
 796 797 61 
 797 798 87 
 798 799 67 
 799 800 2 
 800 801 54 
 801 802 96 
 802 803 26 
 803 804 52 
 804 805 56 
 805 806 74 
 806 807 74 
 807 808 56 
 808 809 89 
 809 810 39 
 810 811 39 
 811 812 15 
 812 813 91 
 813 814 20 
 814 815 44 
 815 816 36 
 816 817 78 
 817 818 99 
 818 819 74 
 819 820 76 
 820 821 1 
 821 822 38 
 822 823 53 
 823 824 53 
 824 825 90 
 825 826 89 
 826 827 77 
 827 828 56 
 828 829 68 
 829 830 97 
 830 831 26 
 831 832 4 
 832 833 51 
 833 834 68 
 834 835 54 
 835 836 25 
 836 837 89 
 837 838 82 
 838 839 75 
 839 840 44 
 840 841 57 
 841 842 12 
 842 843 67 
 843 844 33 
 844 845 29 
 845 846 41 
 846 847 4 
 847 848 15 
 848 849 69 
 849 850 54 
 850 851 65 
 851 852 96 
 852 853 24 
 853 854 1 
 854 855 72 
 855 856 34 
 856 857 81 
 857 858 67 
 858 859 79 
 859 860 35 
 860 861 27 
 861 862 15 
 862 863 49 
 863 864 90 
 864 865 39 
 865 866 62 
 866 867 71 
 867 868 40 
 868 869 71 
 869 870 56 
 870 871 34 
 871 872 95 
 872 873 60 
 873 874 94 
 874 875 99 
 875 876 85 
 876 877 29 
 877 878 58 
 878 879 75 
 879 880 26 
 880 881 60 
 881 882 90 
 882 883 100 
 883 884 41 
 884 885 11 
 885 886 37 
 886 887 12 
 887 888 72 
 888 889 26 
 889 890 77 
 890 891 59 
 891 892 60 
 892 893 12 
 893 894 46 
 894 895 6 
 895 896 81 
 896 897 39 
 897 898 81 
 898 899 30 
 899 900 40 
 900 1 73 
 678 860 33 
 77 204 16 
 269 422 60 
 159 331 73 
 885 150 78 
 43 160 89 
 501 131 64 
 122 443 1 
 693 233 92 
 216 618 86 
 343 439 37 
 889 644 12 
 127 767 26 
 318 591 83 
 484 236 83 
 490 726 52 
 8 509 74 
 766 73 33 
 168 277 2 
 449 834 42 
 165 871 57 
 781 816 88 
 893 493 32 
 194 781 17 
 671 181 12 
 47 644 34 
 747 303 58 
 416 67 29 
 736 323 37 
 298 303 45 
 855 736 50 
 365 582 67 
 271 296 44 
 637 674 40 
 843 156 2 
 404 51 71 
 142 616 54 
 133 552 13 
 192 667 21 
 724 383 22 
 245 596 75 
 724 513 67 
 254 364 19 
 448 191 99 
 832 710 66 
 610 138 49 
 528 94 39 
 34 676 99 
 128 702 22 
 647 169 52 
 180 433 79 
 657 224 65 
 277 652 69 
 197 624 21 
 622 254 9 
 21 780 65 
 634 570 13 
 238 636 80 
 243 3 22 
 723 61 56 
 422 239 29 
 245 312 94 
 429 297 44 
 32 251 93 
 562 145 60 
 372 679 76 
 836 1 33 
 743 539 63 
 409 185 83 
 337 95 21 
 895 881 86 
 125 848 16 
 792 369 71 
 742 97 84 
 347 168 16 
 186 862 33 
 396 189 15 
 445 2 26 
 40 650 71 
 489 83 28 
 848 120 59 
 550 728 73 
 500 576 76 
 784 891 65 
 191 636 8 
 793 842 58 
 852 249 55 
 432 706 31 
 199 542 56 
 193 621 54 
 706 23 83 
 343 691 26 
 210 43 70 
 241 575 79 
 66 783 36 
 328 39 55 
 604 152 48 
 751 429 61 
 598 186 10 
 645 516 36 
 773 79 84 
 388 312 93 
 523 124 42 
 247 686 41 
 352 111 52 
 495 528 77 
 488 877 15 
 751 586 84 
 880 362 33 
 372 403 89 
 413 756 73 
 184 562 17 
 565 434 83 
 59 176 19 
 144 581 84 
 508 229 47 
 703 415 47 
 27 619 69 
 88 179 64 
 73 707 6 
 738 487 45 
 891 311 27 
 316 331 75 
 41 430 40 
 330 372 12 
 753 463 29 
 373 280 78 
 171 384 48 
 127 373 3 
 548 538 61 
 767 257 49 
 513 804 42 
 501 466 41 
 318 593 49 
 12 861 22 
 396 32 79 
 388 191 51 
 239 133 79 
 896 33 21 
 564 185 15 
 472 738 4 
 50 319 5 
 776 9 88 
 731 776 47 
 508 133 47 
 771 295 38 
 394 533 69 
 725 814 94 
 702 261 95 
 526 271 20 
 639 691 70 
 342 36 50 
 803 496 4 
 301 91 67 
 55 74 72 
 393 348 15 
 487 418 50 
 528 72 37 
 629 35 42 
 548 392 86 
 578 484 67 
 309 345 80 
 863 851 97 
 873 389 69 
 479 208 73 
 604 421 61 
 355 141 44 
 87 872 74 
 775 745 46 
 641 155 33 
 732 52 49 
 18 517 22 
 741 110 71 
 486 735 65 
 894 624 39 
 198 341 7 
 624 715 18 
 280 453 58 
 43 498 23 
 518 676 64 
 759 837 45 
 23 609 9 
 808 238 79 
 851 204 63 
 82 345 94 
 534 469 29 
 776 648 57 
 842 378 58 
 232 844 13 
 671 227 39 
 241 20 19 
 327 279 50 
 896 294 79 
 587 353 9 
 158 721 61 
 52 326 64 
 607 895 43 
 295 186 52 
 571 668 22 
 611 30 23 
 824 883 77 
 441 801 32 
 445 804 49 
 846 67 85 
 507 546 1 
 836 803 66 
 819 20 36 
 126 366 50 
 85 573 8 
 745 195 23 
 277 10 29 
 786 321 81 
 320 897 24 
 837 801 44 
 84 885 49 
 741 173 79 
 496 160 51 
 645 443 81 
 116 259 77 
 800 682 27 
 462 824 100 
 487 798 12 
 195 273 67 
 829 48 58 
 121 182 43 
 388 781 78 
 107 528 19 
 726 443 1 
 270 424 83 
 208 499 11 
 346 289 70 
 509 83 99 
 586 413 65 
 53 776 85 
 82 475 78 
 840 453 53 
 3 335 60 
 482 710 49 
 134 659 46 
 168 702 74 
 258 819 15 
 613 315 62 
 609 417 31 
 705 485 71 
 458 653 52 
 146 476 82 
 101 499 52 
 41 37 27 
 653 699 62 
 216 442 86 
 545 887 7 
 93 387 29 
 406 760 61 
 234 302 90 
 235 886 47 
 702 109 87 
 660 536 80 
 791 861 5 
 226 242 13 
 32 172 3 
 468 524 62 
 278 28 88 
 369 277 59 
 635 806 96 
 392 566 89 
 20 866 63 
 37 775 92 
 411 111 34 
 80 225 88 
 246 808 96 
 37 87 16 
 68 349 96 
 114 776 53 
 372 803 17 
 679 481 49 
 256 752 25 
 858 431 62 
 467 267 73 
 813 710 1 
 561 452 57 
 152 384 28 
 10 649 18 
 394 308 91 
 897 761 14 
 707 177 23 
 394 22 40 
 840 69 70 
 422 369 5 
 342 362 22 
 806 877 19 
 317 245 31 
 611 380 66 
 703 367 5 
 722 327 23 
 324 486 45 
 705 421 57 
 259 735 81 
 231 555 99 
 286 620 50 
 482 337 9 
 48 519 69 
 535 393 83 
 281 620 84 
 606 198 70 
 649 14 11 
 898 51 57 
 662 231 70 
 143 618 94 
 414 121 89 
 329 355 40 
 723 668 48 
 233 697 100 
 397 625 33 
 654 325 96 
 723 42 32 
 664 185 27 
 763 22 92 
 143 802 53 
 603 398 67 
 240 648 76 
 769 472 75 
 513 725 21 
 526 300 54 
 868 38 20 
 81 129 72 
 540 378 83 
 758 613 87 
 209 679 15 
 287 527 26 
 648 45 58 
 54 743 30 
 484 824 19 
 771 192 4 
 866 263 70 
 258 805 55 
 842 308 35 
 147 726 5 
 558 449 24 
 663 80 26 
 10 311 54 
 637 699 48 
 777 367 85 
 897 817 37 
 746 843 78 
 231 97 56 
 272 785 80 
 54 442 38 
 105 383 12 
 765 856 57 
 611 384 18 
 581 310 24 
 790 647 89 
 729 110 8 
 662 398 78 
 514 175 1 
 700 764 53 
 792 12 91 
 787 482 79 
 693 647 77 
 635 260 11 
 62 202 41 
 768 154 1 
 646 501 71 
 598 844 55 
 708 5 89 
 127 680 8 
 775 878 42 
 732 333 86 
 584 854 56 
 468 617 29 
 117 696 58 
 441 518 33 
 653 300 70 
 489 511 54 
 223 453 67 
 311 327 93 
 455 883 61 
 712 869 59 
 345 581 23 
 116 295 42 
 267 558 86 
 804 538 18 
 346 499 78 
 49 392 32 
 748 503 65 
 559 597 68 
 439 97 66 
 206 361 88 
 463 125 37 
 70 200 43 
 875 483 87 
 13 780 11 
 654 392 25 
 495 100 48 
 641 384 61 
 115 655 61 
 156 630 91 
 286 133 75 
 224 657 70 
 86 418 86 
 890 425 91 
 840 349 97 
 802 8 62 
 640 87 94 
 871 151 82 
 172 372 86 
 798 746 70 
 313 150 2 
 161 424 62 
 816 179 31 
 855 228 29 
 241 87 41 
 477 516 34 
 559 606 48 
 118 42 81 
 151 239 89 
 809 58 10 
 505 775 66 
 159 169 34 
 392 540 24 
 388 322 70 
 209 247 80 
 66 502 27 
 440 224 87 
 233 205 90 
 638 341 32 
 552 315 63 
 37 463 37 
 233 288 22 
 58 296 24 
 432 644 46 
 195 765 7 
 460 432 72 
 84 293 50 
 880 860 39 
 795 717 77 
 21 565 45 
 67 755 22 
 77 638 99 
 687 585 71 
 162 726 67 
 98 188 85 
 552 319 1 
 460 896 25 
 378 547 41 
 647 835 45 
 891 235 27 
 675 434 71 
 207 72 91 
 721 899 83 
 240 517 98 
 449 39 26 
 838 899 19 
 521 243 94 
 568 429 19 
 740 780 94 
 361 8 67 
 325 615 52 
 742 47 78 
 8 508 60 
 196 885 25 
 96 98 54 
 612 62 94 
 17 752 2 
 315 553 56 
 284 854 37 
 628 522 18 
 122 655 96 
 880 492 36 
 440 486 84 
 328 5 39 
 196 697 16 
 24 671 98 
 246 539 77 
 94 126 94 
 10 325 47 
 175 520 42 
 26 223 50 
 752 869 40 
 874 258 87 
 465 298 41 
 329 645 38 
 286 393 53 
 612 120 80 
 544 545 18 
 482 401 79 
 498 56 87 
 318 497 23 
 511 800 89 
 345 335 19 
 719 749 48 
 386 503 3 
 262 166 50 
 842 487 100 
 92 793 50 
 409 325 17 
 118 194 78 
 151 330 17 
 107 724 80 
 498 756 97 
 370 624 90 
 575 755 37 
 359 188 22 
 708 582 24 
 400 196 84 
 846 415 94 
 668 127 21 
 447 759 45 
 364 580 72 
 132 558 84 
 872 602 30 
 72 308 38 
 500 521 92 
 18 513 90 
 879 716 89 
 713 871 5 
 357 553 95 
 887 885 80 
 686 40 52 
 719 251 42 
 572 162 48 
 699 481 98 
 681 602 1 
 431 200 72 
 80 468 41 
 225 100 51 
 837 158 24 
 230 50 27 
 42 163 54 
 639 358 74 
 429 456 64 
 374 454 73 
 30 160 87 
 757 819 2 
 60 107 64 
 201 13 56 
 764 165 36 
 122 475 24 
 609 657 40 
 332 841 6 
 37 883 74 
 24 463 43 
 512 568 12 
 709 767 51 
 241 87 31 
 264 377 4 
 132 166 66 
 703 884 20 
 287 894 14 
 815 605 31 
 127 64 55 
 407 823 12 
 559 88 33 
 484 649 49 
 830 573 30 
 742 205 37 
 12 789 16 
 187 728 74 
 766 397 26 
 493 728 12 
 284 486 26 
 736 711 89 
 549 302 68 
 567 710 35 
 863 730 92 
 53 350 57 
 695 529 9 
 552 705 38 
 648 619 98 
 698 884 13 
 558 870 83 
 453 674 34 
 703 844 12 
 365 141 16 
 793 403 84 
 559 127 44 
 94 749 66 
 537 853 64 
 160 110 85 
 470 321 71 
 716 740 65 
 275 868 53 
 661 676 85 
 739 9 99 
 229 605 43 
 85 293 52 
 259 595 15 
 23 322 87 
 749 59 57 
 479 94 74 
 346 684 56 
 382 782 60 
 37 652 20 
 519 499 54 
 359 322 30 
 339 453 43 
 575 378 54 
 685 341 97 
 38 319 96 
 455 498 27 
 782 107 67 
 586 811 20 
 108 682 15 
 681 62 24 
 345 587 79 
 56 619 22 
 174 186 83 
 191 670 19 
 763 257 33 
 367 303 40 
 62 393 40 
 725 180 13 
 587 748 7 
 456 388 32 
 202 694 20 
 656 510 51 
 390 774 73 
 296 533 44 
 779 542 83 
 566 849 79 
 356 816 95 
 381 718 61 
 887 455 58 
 415 396 6 
 407 485 34 
 688 411 24 
 210 482 8 
 859 11 93 
 363 97 40 
 108 759 70 
 327 852 30 
 432 146 67 
 532 604 99 
 881 296 72 
 296 323 43 
 157 595 47 
 194 101 12 
 808 205 72 
 506 206 85 
 493 30 98 
 725 72 20 
 481 54 87 
 616 355 66 
 490 444 54 
 673 806 67 
 674 534 64 
 596 84 87 
 778 776 75 
 522 771 82 
 159 245 37 
 443 592 4 
 1 499 4 
 432 704 100 
 278 698 46 
 817 559 33 
 182 722 7 
 492 756 59 
 364 573 28 
 435 25 45 
 747 725 64 
 607 427 40 
 467 350 79 
 287 601 74 
 160 218 23 
 640 11 87 
 495 11 6 
 274 172 60 
 813 773 39 
 839 612 10 
 771 726 42 
 285 346 87 
 159 300 80 
 348 220 24 
 419 754 1 
 896 606 72 
 149 717 54 
 222 431 79 
 110 141 65 
 424 200 33 
 705 232 84 
 791 550 32 
 719 822 37 
 106 94 33 
 736 869 56 
 709 561 72 
 381 582 56 
 754 426 29 
 524 864 39 
 98 827 14 
 355 346 13 
 898 290 20 
 798 765 22 
 722 711 8 
 368 399 61 
 866 597 55 
 700 729 1 
 472 136 17 
 390 680 11 
 731 896 24 
 726 367 6 
 259 58 43 
 593 192 74 
 285 893 43 
 325 517 40 
 68 176 31 
 707 649 13 
 292 139 67 
 194 652 83 
 473 27 90 
 739 565 59 
 646 510 13 
 332 34 36 
 368 495 12 
 311 721 60 
 560 326 84 
 271 348 10 
 74 327 33 
 188 246 63 
 257 261 79 
 283 703 42 
 118 523 22 
 204 36 38 
 547 177 93 
 792 619 78 
 494 106 66 
 428 734 28 
 426 50 77 
 842 768 48 
 557 456 99 
 251 393 66 
 590 282 80 
 704 514 25 
 78 666 79 
 335 637 95 
 885 259 67 
 169 408 58 
 714 379 21 
 613 289 32 
 548 495 66 
 152 166 36 
 654 305 5 
 668 297 36 
 577 780 89 
 661 236 48 
 151 453 26 
 248 476 41 
 142 347 46 
 111 858 9 
 407 750 18 
 498 172 43 
 678 153 16 
 198 607 85 
 561 844 3 
 695 38 17 
 585 451 36 
 90 283 12 
 186 350 50 
 131 595 84 
 61 151 59 
 149 846 38 
 538 171 74 
 164 574 70 
 458 259 22 
 702 465 60 
 254 750 95 
 729 585 55 
 90 425 99 
 569 94 77 
 592 783 4 
 468 156 30 
 619 765 99 
 391 349 4 
 858 750 88 
 356 720 71 
 407 627 44 
 537 570 1 
 883 740 72 
 252 195 35 
 885 350 41 
 36 441 56 
 668 118 75 
 761 832 46 
 595 606 44 
 468 690 68 
 729 803 94 
 135 109 100 
 458 704 54 
 200 734 47 
 329 397 14 
 374 734 10 
 170 738 77 
 609 762 38 
 615 427 1 
 126 852 73 
 251 726 91 
 478 854 89 
 191 406 3 
 680 896 91 
 328 317 40 
 511 264 99 
 103 38 78 
 452 225 77 
 539 548 97 
 514 553 9 
 93 762 18 
 134 526 24 
 362 55 9 
 75 342 19 
 282 646 84 
 685 327 24 
 754 802 11 
 187 479 18 
 88 371 60 
 783 167 95 
 34 896 78 
 72 548 60 
 643 299 100 
 603 562 4 
 152 647 96 
 344 695 84 
 280 895 82 
 11 493 23 
 849 635 26 
 608 177 56 
 199 434 20 
 69 786 95 
 875 864 17 
 877 27 29 
 873 417 75 
 15 634 98 
 649 485 41 
 668 111 10 
 432 703 22 
 361 550 19 
 796 42 74 
 631 682 90 
 299 734 90 
 720 375 7 
 96 44 8 
 3 139 40 
 859 710 61 
 816 317 5 
 732 87 61 
 199 561 33 
 593 148 35 
 470 869 97 
 883 634 45 
 541 346 67 
 132 27 69 
 779 889 92 
 707 361 54 
 395 389 94 
 69 534 57 
 790 606 97 
 744 761 94 
 94 105 79 
 57 62 85 
 401 379 43 
 79 753 92 
 347 484 79 
 837 670 59 
 274 17 40 
 406 212 67 
 621 235 46 
 780 702 100 
 335 173 96 
 836 888 92 
 116 560 50 
 166 412 73 
 438 718 19 
 134 527 12 
 517 850 60 
 551 684 65 
 298 521 86 
 678 538 23 
 754 776 30 
 371 823 66 
 316 472 82 
 801 67 50 
 691 578 32 
 61 214 92 
 525 313 87 
 246 383 49 
 398 577 73 
 107 444 72 
 890 76 65 
 623 106 49 
 755 819 82 
 768 814 83 
 378 266 30 
 457 574 88 
 188 288 62 
 356 776 12 
 851 583 60 
 25 541 18 
 554 605 74 
 445 694 10 
 762 658 16 
 267 563 24 
 146 893 59 
 301 787 16 
 809 858 50 
 839 225 11 
 534 11 69 
 343 378 2 
 269 214 69 
 146 372 71 
 378 663 50 
 136 362 29 
 845 233 56 
 396 882 6 
 317 492 69 
 315 892 35 
 158 258 43 
 813 741 11 
 280 496 43 
 585 459 4 
 444 584 82 
 898 780 46 
 314 671 30 
 182 698 26 
 586 675 77 
 838 117 15 
 537 893 83 
 363 202 27 
 379 753 29 
 669 628 17 
 195 788 30 
 358 397 44 
 452 765 67 
 82 106 96 
 129 422 19 
 889 571 7 
 770 175 65 
 735 154 97 
 59 742 63 
 100 686 77 
 475 663 31 
 566 311 71 
 60 183 85 
 546 176 11 
 89 423 77 
 319 350 29 
 240 571 28 
 841 107 90 
 673 656 55 
 834 742 45 
 634 72 24 
 540 728 28 
 167 470 65 
 288 537 38 
 712 322 61 
 662 60 14 
 551 74 22 
 715 378 13 
 586 818 87 
 593 603 57 
 653 294 2 
 87 2 60 
 416 642 67 
 472 23 87 
 275 230 75 
 300 899 26 
 599 60 84 
 830 706 86 
 156 589 45 
 456 9 65 
 259 27 44 
 602 302 20 
 510 683 4 
 693 607 69 
 412 38 12 
 629 687 12 
 812 16 53 
 822 367 98 
 512 83 100 
 333 846 58 
 455 877 16 
 181 388 85 
 99 134 55 
 202 595 34 
 275 743 99 
 109 660 8 
 520 689 45 
 56 418 83 
 461 678 16 
 657 52 89 
 326 363 30 
 557 476 50 
 513 182 4 
 851 457 32 
 303 573 51 
 202 567 31 
 580 90 7 
 315 397 46 
 16 521 34 
 139 751 4 
 801 393 6 
 634 11 22 
 345 382 96 
 72 705 99 
 678 863 40 
 622 156 21 
 360 431 45 
 848 11 56 
 491 780 57 
 227 838 72 
 385 498 42 
 666 623 57 
 145 783 16 
 758 754 39 
 103 610 77 
 317 127 85 
 600 664 15 
 718 422 19 
 346 10 33 
 543 772 25 
 716 152 17 
 470 423 87 
 232 256 60 
 635 106 78 
 359 572 25 
 387 365 88 
 463 454 84 
 110 217 26 
 472 423 26 
 164 286 21 
 726 642 14 
 236 615 38 
 722 117 91 
 42 128 18 
 258 853 56 
 512 546 2 
 677 281 87 
 855 408 59 
 66 63 94 
 882 229 97 
 25 473 66 
 364 766 82 
 29 364 47 
 897 569 58 
 387 110 95 
 801 604 22 
 811 318 73 
 245 705 36 
 101 863 39 
 889 616 63 
 550 812 88 
 304 395 86 
 196 75 85 
 538 646 2 
 675 546 95 
 607 630 75 
 214 469 49 
 588 296 95 
 9 815 59 
 350 393 49 
 772 22 79 
 4 104 46 
 725 886 27 
 311 451 56 
 303 657 24 
 253 263 81 
 171 624 51 
 439 99 98 
 600 78 45 
 50 581 99 
 882 763 21 
 242 585 27 
 601 335 14 
 116 766 80 
 415 547 42 
 602 773 43 
 541 674 28 
 885 53 80 
 840 137 62 
 235 177 96 
 266 521 10 
 124 857 42 
 275 711 96 
 374 8 38 
 445 589 58 
 12 533 29 
 172 637 23 
 98 805 67 
 342 893 93 
 127 178 38 
 688 884 52 
 363 730 7 
 735 686 41 
 509 600 42 
 887 339 82 
 560 509 36 
 673 855 39 
 657 520 80 
 388 834 32 
 123 505 73 
 656 424 24 
 415 355 88 
 544 671 21 
 810 79 88 
 404 781 74 
 437 699 50 
 452 43 15 
 866 753 95 
 170 614 72 
 57 469 2 
 762 574 57 
 680 557 47 
 716 292 68 
 307 554 52 
 476 304 61 
 613 437 34 
 485 125 44 
 875 18 56 
 563 452 98 
 58 486 12 
 795 754 69 
 44 557 95 
 179 709 39 
 718 89 60 
 251 851 100 
 576 642 35 
 688 692 11 
 601 45 30 
 579 823 83 
 8 630 84 
 762 118 85 
 425 501 47 
 518 754 3 
 87 173 82 
 683 243 95 
 503 473 84 
 169 606 54 
 173 530 93 
 381 337 82 
 240 557 12 
 586 448 39 
 65 636 17 
 491 27 79 
 145 395 14 
 500 188 16 
 403 844 82 
 167 292 83 
 67 563 29 
 238 195 86 
 768 735 90 
 225 42 51 
 766 9 36 
 822 727 68 
 137 793 70 
 634 127 59 
 813 896 76 
 301 138 89 
 447 260 28 
 407 123 24 
 265 689 87 
 753 226 80 
 8 353 54 
 512 47 24 
 638 520 62 
 82 579 70 
 351 36 80 
 593 408 43 
 569 710 97 
 476 579 15 
 663 801 64 
 632 352 82 
 27 695 48 
 186 260 33 
 623 842 88 
 452 12 25 
 266 593 86 
 587 505 45 
 386 315 33 
 264 410 19 
 833 835 90 
 879 877 39 
 674 684 29 
 518 333 6 
 864 881 76 
 811 720 64 
 530 470 93 
 96 9 94 
 519 621 8 
 799 424 60 
 345 846 61 
 809 452 47 
 68 771 25 
 480 511 74 
 141 853 34 
 252 703 70 
 732 690 49 
 749 875 71 
 748 388 76 
 605 60 55 
 400 726 100 
 701 643 7 
 232 29 82 
 633 832 6 
 36 8 79 
 638 622 20 
 77 531 88 
 232 313 98 
 443 287 85 
 350 411 39 
 9 675 42 
 645 175 28 
 135 683 70 
 303 463 36 
 473 884 66 
 263 516 4 
 108 588 19 
 481 862 37 
 340 421 86 
 57 366 94 
 382 88 1 
 299 752 5 
 25 698 56 
 321 598 91 
 450 403 51 
 755 292 38 
 832 737 64 
 824 749 10 
 791 801 71 
 41 656 51 
 29 602 69 
 715 87 15 
 585 286 76 
 501 623 34 
 173 713 100 
 279 218 60 
 86 468 99 
 553 29 46 
 578 282 71 
 110 192 94 
 289 785 97 
 652 473 39 
 518 815 31 
 318 541 94 
 279 607 71 
 812 191 47 
 361 639 37 
 752 168 37 
 454 393 46 
 519 570 16 
 627 687 88 
 380 715 28 
 372 710 25 
 259 460 26 
 137 300 57 
 469 619 5 
 703 222 39 
 537 87 55 
 557 267 6 
 751 223 38 
 367 464 48 
 207 407 80 
 273 458 2 
 734 442 13 
 674 19 36 
 252 824 28 
 617 585 37 
 461 861 59 
 48 14 39 
 16 570 4 
 690 52 25 
 84 307 42 
 868 462 36 
 22 148 90 
 302 826 59 
 686 178 40 
 540 847 74 
 233 547 39 
 27 282 6 
 596 716 84 
 73 58 74 
 466 236 45 
 833 783 48 
 489 19 73 
 790 575 30 
 400 635 44 
 7 259 54 
 725 142 63 
 268 87 54 
 499 197 66 
 385 245 81 
 378 641 85 
 418 350 46 
 284 708 92 
 687 114 38 
 173 153 67 
 686 159 40 
 421 740 49 
 697 553 84 
 848 425 54 
 259 413 15 
 692 223 43 
 595 849 20 
 860 805 15 
 211 410 84 
 125 120 47 
 676 693 95 
 237 752 14 
 625 244 48 
 634 854 26 
 103 626 89 
 195 846 62 
 80 166 6 
 38 103 65 
 414 491 83 
 497 672 30 
 817 141 36 
 414 298 58 
 822 876 4 
 715 182 30 
 603 435 31 
 776 754 94 
 659 63 26 
 136 621 25 
 665 9 57 
 353 534 5 
 852 382 85 
 560 269 42 
 25 603 17 
 803 359 6 
 292 583 59 
 335 831 94 
 471 463 99 
 607 576 22 
 117 863 44 
 543 120 78 
 196 151 58 
 731 483 57 
 217 856 4 
 425 536 71 
 449 669 40 
 489 325 19 
 468 7 20 
 553 240 81 
 604 351 78 
 306 851 21 
 253 272 94 
 509 376 77 
 125 485 43 
 855 810 47 
 750 677 30 
 819 252 67 
 446 899 3 
 802 303 33 
 623 327 55 
 111 513 63 
 434 377 44 
 26 620 41 
 838 587 49 
 297 745 90 
 136 470 91 
 485 472 96 
 669 599 40 
 136 583 18 
 60 620 24 
 691 274 11 
 358 428 25 
 497 740 17 
 517 505 50 
 383 190 11 
 121 147 46 
 267 618 24 
 712 855 34 
 838 601 65 
 825 614 50 
 23 857 5 
 575 640 4 
 210 486 88 
 278 397 52 
 774 653 55 
 828 370 70 
 492 517 18 
 844 172 15 
 258 660 8 
 633 679 83 
 349 144 12 
 79 155 48 
 16 749 16 
 315 165 72 
 155 214 44 
 886 332 34 
 36 275 92 
 86 763 5 
 360 185 65 
 408 94 52 
 545 145 81 
 380 168 7 
 594 293 37 
 858 541 47 
 595 385 7 
 429 116 100 
 50 435 66 
 816 90 89 
 353 334 89 
 676 293 95 
 281 767 92 
 836 733 93 
 670 359 26 
 343 496 34 
 124 114 14 
 449 602 49 
 898 544 82 
 799 257 17 
 40 301 1 
 190 70 90 
 751 96 87 
 508 669 97 
 854 29 23 
 389 833 41 
 474 203 65 
 109 525 4 
 552 703 89 
 650 647 79 
 599 850 5 
 362 255 47 
 93 628 89 
 119 72 25 
 357 590 13 
 281 409 5 
 877 345 76 
 356 326 50 
 52 57 46 
 156 37 34 
 780 308 36 
 608 279 36 
 50 811 7 
 344 618 83 
 392 136 33 
 724 766 1 
 896 167 44 
 815 77 99 
 763 637 85 
 649 259 5 
 816 656 9 
 823 636 61 
 551 277 84 
 45 242 98 
 469 205 26 
 302 148 66 
 753 498 26 
 315 555 37 
 213 867 96 
 286 7 90 
 43 813 88 
 710 49 30 
 630 866 25 
 511 762 78 
 325 472 74 
 647 105 13 
 736 14 13 
 62 401 90 
 767 799 85 
 270 634 21 
 237 184 51 
 195 169 50 
 755 877 54 
 857 118 68 
 525 430 49 
 738 885 43 
 844 713 65 
 539 558 91 
 368 259 49 
 35 94 68 
 144 244 15 
 358 868 48 
 814 485 97 
 417 104 73 
 93 207 1 
 808 318 62 
 763 57 81 
 489 625 41 
 93 187 21 
 197 26 30 
 858 845 21 
 642 490 14 
 623 492 95 
 41 774 57 
 274 167 47 
 491 245 63 
 227 339 76 
 171 411 74 
 50 303 68 
 389 515 62 
 484 242 90 
 92 297 75 
 468 159 1 
 282 164 50 
 732 645 7 
 606 638 98 
 76 186 6 
 488 216 80 
 468 344 25 
 784 617 98 
 195 510 19 
 669 285 7 
 274 794 51 
 815 75 53 
 620 692 35 
 283 364 61 
 375 42 57 
 794 140 31 
 476 296 41 
 825 644 96 
 58 660 90 
 68 35 41 
 443 849 88 
 653 705 34 
 459 858 97 
 247 38 7 
 93 823 42 
 359 698 2 
 295 821 46 
 78 853 23 
 356 879 17 
 658 333 79 
 41 353 6 
 2 324 27 
 298 360 47 
 740 282 32 
 782 342 36 
 442 85 42 
 658 88 61 
 407 635 2 
 621 830 35 
 816 25 74 
 137 469 22 
 538 94 30 
 207 615 97 
 675 599 47 
 245 455 90 
 633 168 41 
 864 590 8 
 421 54 20 
 340 783 95 
 855 444 59 
 75 821 11 
 715 1 73 
 821 827 63 
 639 737 83 
 880 238 12 
 368 453 97 
 612 62 36 
 79 266 60 
 492 402 90 
 743 458 37 
 353 100 36 
 411 772 13 
 813 117 15 
 783 742 46 
 169 366 76 
 804 404 24 
 27 877 10 
 297 367 1 
 438 50 42 
 779 190 40 
 77 421 14 
 396 47 29 
 44 272 26 
 360 651 61 
 624 692 63 
 447 791 76 
 785 675 89 
 754 678 38 
 164 716 76 
 120 151 38 
 356 734 43 
 102 276 6 
 626 660 40 
 473 192 74 
 189 187 5 
 122 405 65 
 418 672 73 
 241 75 43 
 706 515 2 
 364 153 7 
 42 467 49 
 690 155 38 
 884 723 62 
 202 556 43 
 875 52 82 
 165 887 6 
 462 552 33 
 223 807 84 
 267 740 70 
 187 87 62 
 235 807 62 
 352 648 53 
 342 391 89 
 811 841 3 
 123 1 17 
 829 874 94 
 179 868 35 
 427 110 41 
 681 451 28 
 722 679 9 
 156 58 17 
 51 251 4 
 53 432 78 
 626 483 4 
 51 850 66 
 356 403 16 
 413 745 19 
 587 530 8 
 149 601 10 
 725 720 33 
 206 33 56 
 39 245 47 
 651 335 7 
 42 635 25 
 501 546 50 
 119 496 64 
 312 275 15 
 867 430 22 
 725 786 1 
 530 196 32 
 13 52 43 
 292 235 5 
 483 347 37 
 615 84 98 
 688 483 99 
 168 255 80 
 52 173 24 
 719 264 52 
 668 438 57 
 219 609 90 
 35 318 28 
 775 506 92 
 329 78 28 
 736 632 55 
 734 46 18 
 275 637 1 
 640 8 35 
 436 521 93 
 374 689 93 
 53 788 7 
 561 725 33 
 802 398 37 
 449 610 60 
 728 545 64 
 599 273 8 
 156 733 83 
 881 589 63 
 452 326 24 
 293 487 77 
 674 259 73 
 884 705 39 
 605 887 53 
 499 471 25 
 376 58 33 
 402 247 88 
 99 42 85 
 6 338 98 
 830 116 48 
 507 678 56 
 509 316 56 
 365 446 43 
 742 862 81 
 380 547 7 
 134 317 87 
 262 738 9 
 109 806 40 
 704 21 96 
 889 427 75 
 638 394 41 
 54 245 24 
 505 251 15 
 128 442 42 
 746 546 99 
 526 417 54 
 59 470 34 
 879 309 51 
 357 824 2 
 360 824 47 
 512 265 89 
 21 663 96 
 431 84 36 
 505 500 21 
 835 687 78 
 3 464 37 
 306 50 39 
 340 190 10 
 264 334 32 
 260 288 4 
 73 592 51 
 246 232 88 
 843 852 37 
 744 39 85 
 687 487 6 
 632 289 7 
 822 817 96 
 676 790 57 
 386 4 59 
 471 842 6 
 578 374 13 
 8 508 26 
 24 474 98 
 69 682 77 
 549 193 77 
 387 153 63 
 808 876 86 
 847 210 1 
 352 780 83 
 700 287 60 
 853 236 8 
 766 450 37 
 23 195 97 
 238 193 64 
 692 202 68 
 810 190 11 
 219 803 75 
 154 470 80 
 169 138 52 
 123 466 16 
 478 556 43 
 477 41 34 
 357 56 23 
 213 768 6 
 92 680 62 
 512 877 42 
 117 811 3 
 525 416 86 
 424 338 85 
 162 862 60 
 114 668 23 
 172 729 69 
 674 668 44 
 225 618 27 
 299 423 66 
 853 622 8 
 416 312 61 
 734 383 67 
 287 635 53 
 299 534 38 
 591 9 15 
 34 886 38 
 695 778 100 
 376 51 52 
 279 99 27 
 546 701 45 
 697 478 96 
 680 381 69 
 186 471 22 
 755 683 29 
 884 46 81 
 734 495 14 
 187 162 12 
 145 286 20 
 522 671 68 
 429 435 6 
 395 457 52 
 556 349 27 
 558 719 7 
 837 352 11 
 554 249 100 
 204 593 6 
 542 209 86 
 594 487 77 
 393 678 3 
 249 335 25 
 68 785 62 
 522 66 6 
 557 658 6 
 75 875 35 
 715 516 2 
 240 678 38 
 155 217 86 
 853 726 74 
 423 586 6 
 382 535 30 
 438 746 3 
 489 130 36 
 871 448 84 
 565 810 76 
 831 584 20 
 326 524 88 
 617 155 48 
 131 308 33 
 751 504 71 
 668 873 33 
 769 438 8 
 594 360 1 
 280 667 16 
 209 479 100 
 49 476 92 
 228 884 66 
 893 176 16 
 202 163 42 
 22 571 8 
 561 126 63 
 469 849 66 
 19 704 88 
 809 589 36 
 597 236 60 
 38 62 58 
 288 319 60 
 583 27 32 
 676 461 88 
 452 95 38 
 888 113 41 
 317 675 36 
 49 657 71 
 456 74 95 
 340 667 84 
 83 165 70 
 510 896 47 
 627 43 1 
 48 443 64 
 590 876 22 
 128 175 64 
 670 650 22 
 164 499 9 
 885 426 16 
 284 162 60 
 260 322 26 
 753 453 58 
 608 411 51 
 156 94 12 
 797 656 98 
 621 408 60 
 596 73 7 
 648 345 83 
 19 735 53 
 105 424 9 
 352 306 12 
 222 59 37 
 422 80 1 
 197 691 43 
 730 513 89 
 131 728 34 
 266 836 53 
 871 409 47 
 749 187 28 
 485 318 28 
 854 561 96 
 281 374 83 
 540 42 44 
 204 593 85 
 524 165 16 
 71 552 72 
 284 168 24 
 53 495 70 
 782 208 25 
 658 467 52 
 723 655 82 
 177 618 100 
 64 20 100 
 815 472 4 
 643 828 15 
 221 292 29 
 622 620 82 
 321 384 38 
 118 740 90 
 320 385 50 
 60 837 64 
 785 76 64 
 135 667 8 
 503 805 75 
 166 854 82 
 251 92 65 
 355 660 11 
 489 539 65 
 726 545 14 
 218 228 83 
 576 513 7 
 113 790 58 
 649 873 44 
 839 733 3 
 167 831 76 
 843 180 36 
 146 786 75 
 12 116 95 
 124 397 100 
 538 855 11 
 894 368 91 
 783 536 33 
 296 162 85 
 161 325 9 
 111 756 84 
 871 617 22 
 682 16 13 
 501 180 24 
 299 744 82 
 535 66 97 
 624 472 17 
 473 213 45 
 24 627 81 
 803 31 14 
 170 30 24 
 103 17 86 
 216 584 99 
 792 154 43 
 745 658 68 
 600 52 36 
 122 593 69 
 29 122 67 
 782 335 79 
 716 57 33 
 631 576 71 
 68 452 40 
 342 120 88 
 711 809 22 
 458 661 51 
 17 607 83 
 858 261 74 
 350 55 82 
 406 458 39 
 87 345 45 
 389 329 56 
 590 757 19 
 4 272 56 
 699 121 54 
 870 253 34 
 70 125 6 
 571 68 31 
 212 74 98 
 597 621 31 
 595 767 35 
 737 853 16 
 288 100 61 
 602 192 92 
 58 786 82 
 121 416 90 
 245 140 56 
 532 660 99 
 252 104 26 
 141 503 6 
 816 482 5 
 764 461 28 
 683 377 28 
 308 797 93 
 75 668 93 
 210 655 65 
 666 385 69 
 329 334 35 
 600 613 18 
 546 550 57 
 659 708 63 
 250 812 52 
 532 133 48 
 102 705 34 
 413 822 6 
 366 431 24 
 538 645 77 
 100 232 26 
 706 756 22 
 595 268 59 
 695 242 53 
 777 215 12 
 440 437 60 
 403 248 27 
 669 49 64 
 853 864 11 
 746 427 4 
 841 338 96 
 383 216 49 
 456 706 43 
 99 293 41 
 144 286 40 
 370 751 36 
 765 462 47 
 635 167 63 
 203 870 16 
 421 19 73 
 67 798 20 
 649 97 27 
 468 315 54 
 372 605 18 
 823 373 41 
 551 414 92 
 734 252 100 
 701 721 90 
 302 795 22 
 262 705 37 
 810 450 38 
 587 76 79 
 390 860 98 
 500 290 60 
 885 503 1 
 864 614 73 
 164 191 91 
 812 391 25 
 650 112 87 
 653 67 92 
 877 791 39 
 893 792 75 
 780 501 9 
 723 418 15 
 563 326 65 
 262 40 54 
 174 302 100 
 727 835 90 
 549 612 84 
 746 804 5 
 511 829 96 
 846 220 27 
 314 404 100 
 703 895 71 
 344 839 43 
 625 459 5 
 877 25 54 
 872 93 38 
 695 786 61 
 708 103 95 
 399 623 39 
 608 615 56 
 330 258 15 
 628 207 45 
 315 187 62 
 738 456 12 
 831 822 36 
 718 370 33 
 172 568 4 
 774 751 73 
 174 596 13 
 888 299 39 
 896 124 65 
 410 681 58 
 309 746 100 
 898 693 51 
 612 521 78 
 288 859 80 
 95 472 27 
 895 232 48 
 624 133 8 
 554 453 50 
 617 776 14 
 769 589 6 
 476 526 38 
 208 715 100 
 691 513 80 
 615 541 11 
 709 609 88 
 217 698 1 
 658 619 14 
 702 94 38 
 146 79 56 
 380 724 3 
 135 501 60 
 670 455 33 
 869 811 74 
 879 369 5 
 662 633 63 
 822 89 72 
 770 439 90 
 256 215 48 
 255 370 49 
 196 328 90 
 539 436 42 
 778 8 36 
 405 146 35 
 249 224 94 
 114 23 61 
 480 822 98 
 265 622 86 
 477 260 90 
 610 730 93 
 356 104 54 
 361 705 97 
 20 401 40 
 98 548 50 
 725 538 15 
 799 153 72 
 603 48 45 
 196 418 95 
 154 898 17 
 105 677 20 
 179 580 94 
 156 637 45 
 547 501 78 
 816 81 4 
 825 62 62 
 386 108 14 
 526 797 96 
 673 337 4 
 294 143 16 
 282 792 36 
 887 15 50 
 566 574 10 
 482 420 32 
 76 611 100 
 268 439 4 
 808 162 69 
 3 539 31 
 675 222 70 
 82 114 2 
 142 171 70 
 741 401 67 
 151 147 31 
 596 241 32 
 375 797 59 
 835 70 56 
 610 844 77 
 762 411 96 
 481 109 4 
 89 702 13 
 242 653 60 
 791 223 86 
 548 350 84 
 794 245 55 
 235 456 9 
 63 139 43 
 144 234 49 
 411 717 97 
 94 143 75 
 279 871 24 
 414 731 48 
 549 628 22 
 660 256 67 
 545 529 77 
 558 472 88 
 531 31 24 
 146 263 22 
 198 708 70 
 364 618 27 
 867 709 87 
 778 782 46 
 433 577 3 
 221 752 34 
 406 444 49 
 573 1 53 
 139 725 29 
 568 376 87 
 307 271 12 
 61 165 72 
 448 695 62 
 424 87 44 
 204 512 79 
 634 705 36 
 184 487 1 
 21 438 97 
 78 169 41 
 49 848 13 
 378 484 62 
 492 753 14 
 774 586 31 
 527 396 76 
 581 696 39 
 523 166 18 
 398 124 61 
 232 873 85 
 506 442 53 
 127 82 3 
 269 758 15 
 879 813 93 
 638 95 74 
 493 184 62 
 518 814 87 
 73 326 20 
 486 174 58 
 108 81 14 
 560 345 98 
 90 39 82 
 635 302 39 
 370 26 55 
 273 792 63 
 517 344 37 
 822 477 21 
 31 546 6 
 397 83 89 
 886 83 56 
 270 82 6 
 558 725 72 
 343 433 66 
 290 732 12 
 518 554 77 
 707 47 99 
 150 441 79 
 475 290 94 
 354 894 82 
 35 278 82 
 490 482 17 
 13 505 45 
 20 237 51 
 467 799 26 
 202 265 12 
 418 624 21 
 843 176 26 
 60 475 3 
 884 208 99 
 583 393 10 
 893 317 48 
 823 450 72 
 699 489 28 
 549 383 99 
 780 221 9 
 741 576 66 
 463 20 51 
 247 343 98 
 441 312 12 
 832 297 70 
 187 787 39 
 481 693 10 
 459 37 58 
 806 260 46 
 408 483 2 
 787 656 69 
 715 753 31 
 303 831 47 
 337 304 67 
 276 705 19 
 819 866 35 
 830 476 84 
 11 558 16 
 192 651 83 
 796 148 5 
 607 417 51 
 540 553 3 
 27 380 27 
 828 348 47 
 551 266 81 
 51 454 49 
 353 90 13 
 443 15 88 
 537 381 37 
 303 560 68 
 527 81 31 
 250 288 87 
 726 754 34 
 106 451 21 
 359 315 29 
 90 317 30 
 195 181 62 
 595 198 100 
 304 478 96 
 453 247 6 
 724 345 78 
 714 592 99 
 19 203 74 
 219 85 22 
 682 770 22 
 12 100 19 
 463 17 27 
 114 272 41 
 362 102 20 
 35 467 83 
 285 11 88 
 707 646 100 
 430 518 30 
 890 896 29 
 507 719 100 
 491 619 34 
 862 516 38 
 241 354 15 
 189 295 97 
 179 199 80 
 841 898 60 
 520 619 34 
 869 59 62 
 734 824 46 
 280 690 95 
 767 449 70 
 720 394 22 
 325 811 49 
 497 245 89 
 753 74 87 
 778 891 40 
 603 282 84 
 400 355 27 
 243 797 3 
 551 471 52 
 55 854 1 
 708 451 88 
 754 709 55 
 250 814 76 
 285 129 72 
 513 142 38 
 25 176 22 
 264 755 18 
 98 79 70 
 267 174 58 
 528 632 12 
 695 220 34 
 759 871 32 
 587 415 20 
 420 146 99 
 142 359 86 
 768 262 5 
 149 351 76 
 600 794 95 
 174 578 58 
 462 660 69 
 340 497 54 
 565 127 11 
 440 515 2 
 808 101 25 
 506 303 36 
 488 800 91 
 294 340 86 
 711 254 19 
 173 754 5 
 536 24 29 
 600 828 77 
 860 177 6 
 92 796 100 
 614 41 82 
 362 338 14 
 590 834 79 
 243 19 78 
 82 528 29 
 850 540 65 
 15 251 64 
 686 223 28 
 144 109 25 
 771 36 24 
 493 191 26 
 128 633 56 
 486 502 70 
 98 771 33 
 341 271 49 
 334 271 71 
 738 475 43 
 22 385 19 
 209 133 97 
 164 214 61 
 412 659 76 
 226 357 86 
 579 205 92 
 420 281 12 
 783 302 51 
 223 568 57 
 870 860 51 
 264 736 28 
 622 789 29 
 510 743 65 
 284 665 39 
 719 718 3 
 396 296 92 
 315 604 20 
 469 709 96 
 765 232 35 
 856 403 23 
 282 833 56 
 448 150 21 
 660 138 33 
 571 696 27 
 443 782 39 
 808 775 43 
 295 297 9 
 876 794 90 
 895 108 3 
 893 794 77 
 495 671 58 
 548 609 67 
 154 274 52 
 94 120 44 
 19 204 18 
 727 632 33 
 315 780 14 
 732 453 90 
 360 587 36 
 92 746 39 
 798 784 83 
 799 622 91 
 376 294 94 
 594 211 85 
 400 717 82 
 730 671 57 
 414 314 20 
 360 550 5 
 445 505 58 
 460 63 89 
 76 592 23 
 799 68 17 
 80 107 44 
 321 148 46 
 87 236 32 
 244 316 17 
 683 548 74 
 203 619 60 
 268 234 29 
 250 130 63 
 649 367 84 
 317 350 41 
 85 565 41 
 122 211 77 
 242 473 75 
 682 642 27 
 228 267 33 
 227 386 30 
 800 593 83 
 701 343 90 
 6 463 77 
 499 571 96 
 319 192 97 
 551 561 60 
 93 794 29 
 589 148 52 
 75 191 57 
 465 190 59 
 391 393 48 
 284 408 49 
 36 394 60 
 55 749 87 
 307 217 8 
 568 592 56 
 484 387 69 
 781 118 94 
 82 475 77 
 212 560 82 
 350 894 82 
 877 731 27 
 142 517 38 
 193 596 7 
 185 303 13 
 145 151 81 
 338 169 98 
 823 147 66 
 149 215 23 
 235 283 25 
 773 656 95 
 633 303 69 
 762 247 47 
 206 849 16 
 379 489 53 
 340 514 22 
 527 780 70 
 831 714 29 
 135 776 36 
 31 765 6 
 109 134 76 
 626 34 7 
 745 42 68 
 783 746 25 
 834 517 11 
 633 723 77 
 890 212 32 
 858 612 47 
 523 826 15 
 586 793 51 
 709 171 28 
 140 847 82 
 736 636 49 
 644 834 55 
 662 572 73 
 158 808 65 
 586 675 79 
 613 93 100 
 766 553 21 
 147 606 54 
 283 16 83 
 632 637 12 
 356 79 44 
 495 18 16 
 838 533 37 
 123 114 46 
 250 653 83 
 153 17 33 
 126 324 5 
 219 78 65 
 69 123 27 
 819 410 86 
 540 858 85 
 114 897 59 
 664 458 61 
 445 875 73 
 19 375 72 
 627 4 72 
 103 372 86 
 314 152 54 
 188 205 91 
 834 518 62 
 66 309 5 
 198 237 28 
 524 458 48 
 571 108 91 
 744 53 55 
 497 727 47 
 758 180 67 
 291 569 48 
 770 361 97 
 471 884 88 
 19 69 51 
 176 2 65 
 474 206 25 
 192 405 40 
 335 179 88 
 771 732 26 
 686 539 30 
 890 392 61 
 559 532 100 
 44 623 98 
 90 78 53 
 517 867 37 
 420 771 21 
 46 66 6 
 880 99 17 
 538 3 28 
 126 424 30 
 500 166 43 
 393 451 50 
 786 135 85 
 48 499 35 
 324 781 78 
 361 54 97 
 71 435 71 
 171 887 12 
 203 152 89 
 815 169 78 
 667 826 57 
 71 333 22 
 870 247 58 
 807 292 10 
 866 86 75 
 887 179 22 
 643 256 1 
 237 11 87 
 451 147 19 
 629 626 68 
 412 131 53 
 543 215 39 
 771 199 7 
 122 592 2 
 357 149 50 
 543 3 68 
 848 333 74 
 406 636 35 
 24 492 42 
 57 470 18 
 332 880 15 
 592 782 86 
 816 654 76 
 326 762 26 
 200 538 80 
 442 401 29 
 50 815 80 
 833 814 3 
 519 735 94 
 11 426 71 
 90 378 41 
 769 589 96 
 393 137 61 
 559 491 67 
 663 597 79 
 25 613 64 
 48 550 37 
 538 582 92 
 439 529 44 
 455 322 43 
 693 85 63 
 599 428 23 
 792 642 81 
 732 746 36 
 184 86 28 
 95 345 88 
 464 554 11 
 560 269 95 
 188 578 7 
 533 605 66 
 99 431 4 
 411 306 38 
 31 874 26 
 895 117 22 
 819 173 11 
 466 356 93 
 427 580 6 
 799 33 14 
 346 193 12 
 333 54 38 
 386 613 44 
 499 615 18 
 777 723 49 
 634 682 5 
 126 380 19 
 711 29 79 
 86 874 73 
 428 544 100 
 623 506 61 
 111 258 39 
 858 461 94 
 88 597 86 
 711 596 34 
 283 846 15 
 843 581 44 
 189 724 94 
 255 893 62 
 453 494 66 
 429 49 58 
 308 499 67 
 628 402 23 
 353 796 57 
 332 520 79 
 91 604 50 
 503 135 80 
 899 124 47 
 240 450 83 
 745 14 13 
 517 59 62 
 885 683 8 
 580 433 40 
 610 890 9 
 769 91 92 
 115 43 9 
 78 894 46 
 355 605 9 
 769 889 66 
 623 478 12 
 240 656 83 
 497 402 50 
 268 224 18 
 699 813 77 
 283 429 89 
 366 468 29 
 281 132 78 
 164 162 68 
 110 520 98 
 615 518 56 
 469 426 73 
 415 750 11 
 852 772 30 
 555 352 70 
 826 570 29 
 561 40 36 
 645 417 90 
 166 746 52 
 729 791 66 
 199 277 14 
 720 681 55 
 85 119 70 
 443 10 88 
 373 436 24 
 483 207 37 
 382 645 45 
 150 559 32 
 810 667 76 
 299 631 58 
 488 438 80 
 5 520 61 
 534 425 71 
 890 22 81 
 731 232 89 
 390 91 79 
 631 661 96 
 583 550 58 
 370 699 95 
 305 270 68 
 574 86 13 
 239 473 88 
 233 747 33 
 754 584 47 
 244 402 26 
 14 363 30 
 446 157 67 
 745 451 45 
 690 872 40 
 76 283 41 
 184 72 9 
 152 760 68 
 64 872 19 
 554 653 49 
 81 635 51 
 91 27 86 
 339 124 90 
 431 339 74 
 897 592 95 
 270 672 2 
 320 394 81 
 256 107 17 
 215 63 97 
 485 251 87 
 838 259 40 
 541 97 71 
 440 296 4 
 815 502 5 
 732 171 64 
 555 270 82 
 274 831 38 
 90 225 50 
 340 889 28 
 2 573 29 
 799 368 53 
 817 560 3 
 700 424 19 
 91 729 88 
 700 488 13 
 260 727 65 
 90 99 92 
 818 821 41 
 245 438 3 
 534 161 75 
 791 848 73 
 757 830 71 
 161 477 66 
 674 304 43 
 394 671 73 
 672 614 46 
 482 35 96 
 282 801 52 
 109 662 83 
 845 444 13 
 762 685 91 
 221 172 12 
 874 585 60 
 399 335 72 
 170 733 86 
 272 857 18 
 506 708 17 
 664 318 30 
 556 724 6 
 656 588 97 
 41 529 95 
 74 759 13 
 39 691 89 
 341 402 50 
 155 817 24 
 843 767 64 
 511 690 64 
 665 512 69 
 375 1 30 
 867 73 94 
 628 738 1 
 130 550 71 
 758 289 53 
 850 336 28 
 396 770 2 
 490 323 68 
 430 861 100 
 394 91 10 
 575 808 97 
 747 749 29 
 184 288 45 
 791 767 95 
 743 812 59 
 244 763 3 
 89 590 60 
 538 664 73 
 769 400 23 
 891 380 66 
 507 257 26 
 222 743 12 
 772 596 50 
 580 112 74 
 897 490 41 
 445 358 36 
 40 13 35 
 38 540 69 
 138 384 34 
 574 895 94 
 770 840 63 
 53 541 94 
 355 613 91 
 451 446 60 
 753 499 40 
 857 571 8 
 763 410 26 
 566 898 49 
 282 315 27 
 298 480 36 
 700 4 85 
 242 6 44 
 764 590 50 
 394 639 11 
 549 719 54 
 562 773 17 
 511 159 85 
 757 360 8 
 675 874 38 
 859 373 50 
 898 269 17 
 509 745 57 
 118 20 30 
 471 430 13 
 595 454 58 
 570 823 10 
 195 332 93 
 391 268 40 
 159 465 61 
 863 870 30 
 452 730 68 
 751 513 83 
 104 867 30 
 577 761 62 
 537 55 40 
 665 817 90 
 179 840 15 
 579 615 65 
 190 137 56 
 272 574 91 
 685 342 18 
 339 351 34 
 227 104 54 
 182 291 30 
 793 245 65 
 34 455 60 
 320 239 80 
 62 736 32 
 220 712 40 
 165 511 82 
 895 830 93 
 543 60 59 
 172 602 9 
 674 625 83 
 630 411 56 
 101 782 24 
 408 722 40 
 571 795 76 
 319 741 31 
 78 550 80 
 504 89 21 
 488 316 46 
 34 108 63 
 808 94 46 
 814 405 30 
 605 407 71 
 109 212 54 
 597 675 23 
 740 116 95 
 200 296 86 
 255 45 78 
 118 653 48 
 851 560 44 
 686 796 21 
 725 355 73 
 802 482 53 
 572 874 32 
 134 58 17 
 777 494 54 
 878 731 22 
 611 440 69 
 585 326 85 
 674 487 15 
 499 321 1 
 740 899 23 
 674 146 33 
 125 817 11 
 275 92 76 
 579 467 48 
 211 633 70 
 829 697 38 
 215 617 10 
 707 729 31 
 521 440 51 
 863 480 91 
 212 701 90 
 452 299 34 
 542 565 36 
 792 690 62 
 150 112 61 
 834 407 45 
 356 442 7 
 867 209 59 
 605 537 54 
 373 6 75 
 422 3 94 
 770 126 80 
 869 537 24 
 871 503 99 
 152 555 24 
 689 154 71 
 525 889 84 
 208 337 79 
 49 503 24 
 566 507 12 
 712 804 53 
 119 809 20 
 61 859 71 
 851 460 51 
 288 180 61 
 286 413 31 
 770 322 14 
 557 441 59 
 658 223 92 
 294 247 8 
 197 528 20 
 531 833 3 
 596 30 43 
 485 351 69 
 748 226 96 
 484 812 26 
 457 174 15 
 730 610 61 
 329 597 53 
 89 10 29 
 73 394 74 
 731 881 39 
 162 565 60 
 875 557 13 
 126 648 18 
 205 272 26 
 520 744 85 
 68 12 29 
 224 883 57 
 617 522 1 
 180 857 65 
 405 350 7 
 577 501 68 
 443 216 69 
 682 330 17 
 314 320 29 
 31 116 54 
 410 859 38 
 590 796 57 
 724 353 57 
 655 353 18 
 631 554 77 
 821 335 15 
 448 109 3 
 779 274 31 
 590 520 61 
 534 229 69 
 63 682 84 
 97 858 12 
 28 372 27 
 56 144 34 
 684 844 89 
 798 789 2 
 96 100 77 
 612 172 68 
 276 412 15 
 67 367 56 
 360 807 12 
 313 446 77 
 609 763 21 
 427 821 19 
 684 489 62 
 333 864 37 
 880 654 50 
 201 476 98 
 294 235 15 
 235 870 29 
 762 108 33 
 411 206 66 
 790 474 13 
 363 740 11 
 241 638 82 
 422 538 42 
 864 315 30 
 594 600 3 
 772 402 93 
 823 859 19 
 155 492 5 
 694 685 98 
 405 336 67 
 367 727 84 
 509 647 84 
 328 95 44 
 8 884 38 
 196 410 32 
 891 440 52 
 461 485 36 
 501 191 49 
 316 81 96 
 23 599 88 
 805 402 74 
 499 367 39 
 813 637 13 
 365 823 50 
 403 437 66 
 646 218 82 
 788 84 16 
 133 371 99 
 77 735 28 
 235 797 95 
 592 403 41 
 876 629 39 
 348 249 17 
 829 702 92 
 765 340 65 
 473 812 6 
 392 837 18 
 423 493 94 
 88 534 82 
 682 361 55 
 44 128 11 
 163 875 62 
 105 81 90 
 793 545 61 
 14 476 10 
 54 325 51 
 277 91 78 
 475 535 98 
 521 213 35 
 675 773 7 
 216 458 15 
 848 583 40 
 754 203 16 
 538 519 30 
 275 636 16 
 893 310 86 
 162 701 11 
 207 542 53 
 98 430 23 
 634 550 10 
 814 58 20 
 452 328 6 
 49 63 80 
 474 86 21 
 200 97 56 
 267 471 10 
 540 45 75 
 247 469 68 
 405 361 94 
 218 762 68 
 142 337 34 
 37 462 18 
 110 820 22 
 250 650 88 
 134 553 22 
 507 706 45 
 437 648 15 
 357 363 47 
 51 676 90 
 441 103 65 
 330 640 17 
 790 268 56 
 704 284 11 
 646 290 68 
 279 479 22 
 717 848 4 
 271 613 8 
 863 10 83 
 202 15 14 
 123 525 69 
 20 650 34 
 379 537 43 
 403 660 92 
 60 708 23 
 357 85 84 
 326 647 71 
 13 560 77 
 32 271 7 
 20 519 44 
 140 855 25 
 302 588 99 
 451 797 39 
 701 833 30 
 435 587 40 
 234 158 100 
 165 147 100 
 381 706 46 
 872 393 65 
 83 383 28 
 533 210 73 
 527 623 47 
 384 741 23 
 534 317 83 
 524 212 70 
 562 851 53 
 437 211 16 
 736 403 29 
 316 654 31 
 197 865 87 
 453 182 29 
 884 856 43 
 702 184 53 
 452 308 21 
 561 690 57 
 150 350 86 
 185 107 10 
 84 548 27 
 148 281 76 
 608 612 42 
 452 665 67 
 94 565 83 
 831 747 14 
 211 455 71 
 348 242 63 
 428 330 81 
 698 767 100 
 160 509 94 
 360 227 56 
 391 349 35 
 342 256 22 
 372 31 23 
 464 572 76 
 20 346 44 
 819 430 63 
 601 634 35 
 591 544 34 
 139 240 85 
 280 278 64 
 355 880 40 
 498 642 58 
 332 372 65 
 201 315 55 
 399 410 32 
 807 628 77 
 810 520 2 
 96 652 78 
 289 728 45 
 271 97 62 
 63 626 79 
 113 606 11 
 240 164 56 
 226 358 10 
 775 59 16 
 480 524 65 
 849 416 73 
 302 875 18 
 153 689 24 
 117 129 14 
 4 279 68 
 355 758 94 
 338 852 53 
 770 854 84 
 566 395 40 
 491 672 26 
 839 86 23 
 88 62 74 
 381 681 38 
 895 880 36 
 480 363 23 
 110 730 16 
 211 829 20 
 337 390 30 
 399 796 71 
 512 861 33 
 704 562 76 
 212 4 31 
 90 311 58 
 696 860 37 
 61 457 40 
 387 98 81 
 247 275 98 
 837 339 21 
 546 573 14 
 858 400 95 
 496 570 38 
 99 841 62 
 516 457 77 
 240 826 5 
 835 62 100 
 359 158 74 
 26 802 10 
 395 610 41 
 583 702 54 
 153 408 27 
 782 635 37 
 894 454 99 
 366 453 59 
 557 442 80 
 96 271 2 
 889 12 39 
 555 707 17 
 202 852 86 
 788 62 24 
 673 562 14 
 60 93 50 
 120 380 90 
 671 429 92 
 125 691 23 
 866 802 70 
 322 582 60 
 511 69 99 
 129 595 12 
 745 64 58 
 54 782 73 
 140 739 56 
 704 317 13 
 719 767 38 
 451 87 1 
 654 193 85 
 422 725 56 
 743 414 33 
 35 665 89 
 184 247 98 
 381 815 54 
 686 671 12 
 726 775 22 
 524 528 32 
 663 774 23 
 683 214 94 
 727 533 54 
 576 333 65 
 347 804 39 
 689 352 95 
 348 89 74 
 789 655 69 
 504 853 44 
 434 10 73 
 691 669 49 
 703 196 51 
 67 778 14 
 172 135 93 
 195 589 4 
 109 319 10 
 397 762 44 
 724 79 36 
 384 875 76 
 135 447 45 
 210 549 59 
 537 102 9 
 370 506 41 
 168 165 2 
 175 203 49 
 860 172 12 
 789 147 65 
 378 643 37 
 548 93 96 
 569 636 81 
 56 57 65 
 824 765 33 
 39 691 67 
 808 342 22 
 219 547 1 
 135 675 8 
 537 732 2 
 495 173 83 
 464 635 43 
 18 519 39 
 310 881 60 
 351 522 35 
 474 114 80 
 851 86 62 
 108 386 79 
 496 717 46 
 191 542 35 
 267 381 29 
 862 358 57 
 595 567 48 
 307 691 78 
 17 198 55 
 374 406 85 
 186 875 31 
 93 510 49 
 114 730 29 
 854 16 32 
 520 770 64 
 657 554 90 
 482 134 52 
 306 739 42 
 232 624 73 
 173 625 56 
 110 402 60 
 542 835 8 
 287 824 27 
 566 1 9 
 676 524 68 
 414 405 89 
 306 720 100 
 807 710 85 
 15 766 39 
 608 411 60 
 813 51 67 
 395 419 78 
 517 737 29 
 357 371 12 
 457 22 34 
 592 113 52 
 85 398 62 
 312 522 35 
 277 759 41 
 718 781 24 
 47 203 66 
 711 533 44 
 851 593 27 
 617 157 43 
 748 351 15 
 446 824 55 
 370 112 47 
 750 259 53 
 171 141 53 
 636 583 19 
 714 689 73 
 605 185 21 
 864 446 50 
 689 274 40 
 662 132 74 
 4 606 76 
 551 26 74 
 405 421 55 
 710 298 31 
 22 96 89 
 677 762 77 
 244 718 64 
 603 602 45 
 97 662 64 
 645 514 70 
 416 581 51 
 221 896 1 
 323 230 57 
 105 264 47 
 774 756 34 
 726 326 31 
 93 84 95 
 306 346 90 
 324 894 3 
 783 699 2 
 883 7 33 
 844 474 31 
 495 397 7 
 55 827 28 
 98 426 66 
 327 458 58 
 147 694 80 
 18 523 70 
 457 56 78 
 126 98 55 
 886 359 47 
 335 33 48 
 243 530 100 
 244 24 95 
 317 33 43 
 190 402 76 
 1 862 100 
 21 689 92 
 711 801 78 
 108 712 96 
 125 236 95 
 305 526 100 
 588 381 49 
 63 23 96 
 643 851 72 
 678 64 20 
 137 200 9 
 662 817 92 
 733 464 7 
 884 227 91 
 282 570 53 
 302 190 54 
 866 563 47 
 167 810 98 
 169 67 67 
 535 54 70 
 230 483 29 
 644 257 86 
 89 73 8 
 171 601 22 
 569 79 50 
 679 33 30 
 406 274 34 
 781 484 49 
 49 692 43 
 202 105 2 
 339 321 48 
 759 564 74 
 466 569 72 
 718 788 19 
 310 120 73 
 766 496 13 
 358 791 10 
 259 272 75 
 345 537 66 
 194 398 81 
 818 660 97 
 353 354 73 
 233 480 96 
 145 739 7 
 21 829 87 
 503 157 36 
 110 266 95 
 420 217 64 
 698 477 64 
 619 304 38 
 854 612 53 
 227 309 22 
 603 690 91 
 616 517 7 
 320 691 57 
 255 357 47 
 354 857 25 
 676 125 11 
 850 456 15 
 764 762 35 
 813 620 67 
 704 312 43 
 662 192 74 
 2 562 9 
 377 432 25 
 2 11 94 
 631 676 67 
 157 808 67 
 86 891 80 
 23 112 5 
 350 175 100 
 29 155 54 
 163 494 17 
 562 481 95 
 724 272 56 
 251 498 55 
 858 579 17 
 775 444 49 
 81 334 4 
 451 769 57 
 303 741 36 
 646 206 82 
 588 190 89 
 266 87 4 
 177 121 51 
 316 680 61 
 639 402 22 
 571 593 37 
 88 722 58 
 363 625 73 
 792 419 57 
 107 565 15 
 720 55 37 
 170 237 31 
 606 481 69 
 113 121 84 
 750 582 84 
 720 355 95 
 181 345 18 
 697 113 25 
 628 457 94 
 117 642 29 
 844 492 51 
 509 12 7 
 147 593 53 
 447 363 11 
 364 428 75 
 614 104 61 
 809 708 50 
 807 733 84 
 324 619 88 
 31 238 51 
 460 453 9 
 11 232 99 
 814 601 75 
 6 148 2 
 633 829 69 
 65 315 40 
 272 713 41 
 869 225 99 
 587 17 20 
 722 476 90 
 503 861 86 
 453 162 3 
 7 12 98 
 5 870 56 
 844 873 43 
 644 594 80 
 802 388 24 
 377 704 27 
 327 827 20 
 479 753 61 
 602 621 50 
 496 813 50 
 881 837 18 
 480 556 3 
 275 681 59 
 668 294 100 
 228 813 18 
 248 425 95 
 433 773 91 
 146 331 12 
 332 305 19 
 134 564 70 
 777 353 32 
 521 423 81 
 286 297 62 
 735 326 56 
 440 237 99 
 784 412 33 
 13 625 36 
 716 853 26 
 246 117 92 
 332 877 75 
 560 163 47 
 304 509 9 
 220 585 17 
 683 234 91 
 651 438 69 
 149 528 86 
 21 265 7 
 410 855 41 
 194 554 13 
 423 339 78 
 37 781 80 
 587 143 42 
 232 658 21 
 613 166 86 
 342 169 63 
 59 613 14 
 853 513 49 
 734 807 20 
 214 694 57 
 150 381 18 
 680 479 52 
 398 871 41 
 896 645 70 
 36 602 52 
 385 220 43 
 530 337 59 
 458 503 43 
 550 692 39 
 727 828 81 
 232 275 94 
 247 771 5 
 334 595 14 
 643 565 24 
 520 618 95 
 171 10 100 
 777 774 35 
 46 878 68 
 423 411 7 
 738 451 12 
 657 451 96 
 276 427 99 
 770 636 25 
 727 54 85 
 892 572 18 
 334 105 72 
 490 749 14 
 49 284 55 
 367 310 74 
 439 546 100 
 110 245 93 
 483 222 100 
 214 735 21 
 653 421 26 
 839 280 68 
 408 292 9 
 422 116 28 
 289 892 42 
 22 104 44 
 401 712 28 
 820 141 36 
 16 276 3 
 260 120 78 
 841 276 24 
 422 112 85 
 305 656 16 
 514 285 74 
 279 374 78 
 717 635 54 
 547 791 77 
 758 403 53 
 449 372 66 
 574 892 60 
 391 792 60 
 391 663 21 
 138 431 100 
 803 727 54 
 708 208 58 
 523 639 18 
 496 34 16 
 227 874 64 
 441 53 4 
 801 315 19 
 745 546 3 
 528 470 95 
 781 190 47 
 781 1 74 
 195 484 53 
 688 588 7 
 861 639 18 
 196 479 92 
 534 650 96 
 762 756 21 
 524 405 20 
 202 631 9 
 405 266 79 
 242 233 67 
 828 225 72 
 414 74 66 
 19 186 61 
 497 289 40 
 41 749 97 
 188 47 93 
 822 368 60 
 14 367 45 
 63 461 94 
 719 100 76 
 452 836 65 
 691 608 92 
 733 809 79 
 644 696 90 
 344 385 3 
 843 94 8 
 541 384 86 
 164 863 55 
 189 864 45 
 570 294 18 
 381 537 53 
 380 218 35 
 690 585 23 
 470 853 7 
 180 347 74 
 328 783 21 
 515 891 23 
 368 125 16 
 226 835 9 
 697 564 43 
 851 740 40 
 799 524 44 
 73 422 84 
 197 361 100 
 157 781 68 
 311 252 90 
 645 285 26 
 540 866 100 
 160 407 74 
 480 850 86 
 443 469 48 
 827 400 14 
 366 89 35 
 187 495 94 
 469 768 97 
 233 267 98 
 149 478 63 
 881 99 41 
 112 870 2 
 478 158 65 
 300 694 41 
 546 508 23 
 6 127 66 
 244 750 71 
 658 64 45 
 388 295 34 
 490 365 75 
 528 344 90 
 795 84 56 
 650 712 27 
 652 28 3 
 360 431 64 
 533 611 36 
 495 311 87 
 90 97 39 
 313 338 74 
 783 499 20 
 539 657 90 
 796 300 76 
 388 147 63 
 750 274 87 
 538 125 58 
 558 863 70 
 707 17 1 
 224 658 93 
 758 374 67 
 548 421 37 
 202 57 24 
 455 264 9 
 381 846 63 
 748 684 54 
 631 387 29 
 566 743 47 
 363 851 72 
 701 875 22 
 72 96 33 
 97 84 36 
 167 674 93 
 502 349 72 
 825 451 99 
 244 235 60 
 42 775 80 
 682 897 32 
 57 72 14 
 697 181 23 
 160 403 36 
 536 29 23 
 171 566 60 
 544 892 9 
 168 9 19 
 330 83 70 
 604 190 78 
 564 333 84 
 689 271 34 
 493 449 57 
 196 824 72 
 704 631 94 
 866 790 49 
 221 12 7 
 32 248 29 
 881 567 28 
 176 658 92 
 896 491 41 
 70 527 98 
 780 528 34 
 644 404 39 
 76 697 85 
 772 60 52 
 58 290 86 
 818 155 42 
 15 239 36 
 371 414 97 
 840 198 5 
 467 195 12 
 195 713 83 
 351 457 47 
 323 142 96 
 13 184 66 
 356 650 93 
 812 101 67 
 661 704 35 
 844 295 69 
 578 641 22 
 819 666 17 
 753 168 64 
 613 277 76 
 707 351 21 
 717 566 58 
 449 876 28 
 818 610 64 
 754 385 58 
 557 147 51 
 151 577 44 
 435 195 94 
 555 290 89 
 638 860 12 
 35 843 41 
 383 274 9 
 471 676 46 
 206 665 72 
 287 657 36 
 88 228 79 
 669 573 95 
 375 327 79 
 493 765 53 
 620 530 31 
 72 333 2 
 184 728 11 
 18 706 43 
 232 833 38 
 558 456 94 
 58 758 49 
 257 86 13 
 377 486 67 
 369 849 6 
 275 138 69 
 184 498 35 
 472 625 71 
 183 634 57 
 854 92 20 
 738 405 96 
 204 713 32 
 696 544 75 
 811 256 22 
 712 867 21 
 113 882 11 
 765 639 23 
 884 257 53 
 517 286 88 
 236 38 89 
 442 542 4 
 506 650 57 
 90 321 46 
 66 325 71 
 145 354 90 
 864 642 98 
 117 660 81 
 718 194 38 
 367 429 29 
 419 369 54 
 599 866 48 
 635 300 49 
 869 497 48 
 825 553 71 
 64 668 51 
 873 885 30 
 544 809 94 
 382 467 66 
 379 276 12 
 876 84 4 
 606 756 21 
 144 213 76 
 109 643 16 
 525 100 52 
 95 168 1 
 608 497 13 
 817 237 9 
 15 478 73 
 582 79 1 
 845 608 68 
 793 228 68 
 650 569 38 
 151 459 27 
 27 838 76 
 608 587 65 
 867 831 19 
 475 535 23 
 268 357 70 
 647 526 14 
 749 40 13 
 223 858 57 
 529 203 61 
 831 469 40 
 383 714 62 
 170 574 87 
 234 586 20 
 138 592 99 
 14 367 15 
 766 727 95 
 883 614 77 
 187 651 4 
 624 889 68 
 386 252 15 
 307 766 39 
 522 598 45 
 414 621 45 
 169 799 91 
 787 844 8 
 183 783 46 
 475 190 3 
 526 435 14 
 210 420 26 
 197 242 2 
 242 625 6 
 855 141 98 
 464 502 63 
 430 411 93 
 166 91 70 
 809 563 28 
 529 100 87 
 806 522 83 
 312 486 65 
 456 508 37 
 145 438 14 
 643 632 82 
 382 359 29 
 714 608 55 
 874 195 75 
 564 679 65 
 569 868 98 
 355 699 61 
 419 509 82 
 871 524 100 
 290 731 19 
 93 568 80 
 294 81 52 
 772 31 19 
 537 526 59 
 249 293 6 
 212 812 6 
 304 498 92 
 856 832 8 
 820 215 33 
 657 71 40 
 797 177 69 
 696 706 85 
 326 666 47 
 406 203 56 
 705 563 38 
 398 712 57 
 699 551 36 
 648 226 22 
 110 523 5 
 35 43 48 
 692 300 3 
 40 229 79 
 808 673 12 
 320 766 4 
 836 13 60 
 165 155 23 
 655 163 10 
 353 271 57 
 412 517 84 
 578 611 25 
 17 763 50 
 887 318 63 
 446 831 94 
 467 252 22 
 541 721 17 
 190 234 45 
 65 329 29 
 304 457 43 
 357 389 17 
 851 632 61 
 714 394 17 
 674 713 34 
 683 790 6 
 225 689 86 
 346 17 57 
 464 317 8 
 891 259 72 
 237 862 86 
 416 89 62 
 245 229 46 
 817 212 78 
 101 669 39 
 61 361 37 
 785 581 22 
 4 576 25 
 200 179 43 
 431 440 90 
 81 451 25 
 250 862 98 
 417 632 74 
 71 385 75 
 877 751 38 
 355 9 41 
 299 458 84 
 23 159 87 
 598 231 59 
 702 452 45 
 884 523 90 
 196 886 27 
 52 227 46 
 360 34 33 
 10 79 70 
 678 88 81 
 846 449 61 
 125 225 75 
 749 229 15 
 240 324 66 
 219 644 78 
 420 676 74 
 15 261 63 
 115 899 88 
 553 349 42 
 735 880 99 
 341 149 80 
 553 359 68 
 842 688 49 
 33 878 1 
 97 344 93 
 327 233 81 
 356 690 43 
 401 24 34 
 879 304 50 
 339 753 23 
 816 53 49 
 219 46 68 
 58 317 18 
 805 200 52 
 707 114 18 
 766 376 36 
 720 342 14 
 679 591 31 
 350 535 13 
 809 455 66 
 868 322 38 
 294 120 25 
 724 349 79 
 841 740 5 
 27 127 72 
 698 737 36 
 456 196 2 
 875 45 78 
 428 171 50 
 508 730 59 
 136 896 19 
 262 833 4 
 135 286 87 
 430 299 99 
 412 293 73 
 319 885 81 
 822 556 72 
 38 353 45 
 368 488 6 
 766 591 57 
 602 510 36 
 257 358 41 
 54 642 57 
 707 62 98 
 6 481 54 
 857 726 72 
 214 441 39 
 672 595 78 
 248 536 41 
 476 215 64 
 602 167 18 
 583 823 83 
 410 509 12 
 823 68 8 
 773 539 68 
 158 499 1 
 221 176 63 
 815 195 20 
 818 769 32 
 602 112 11 
 788 78 71 
 599 82 86 
 638 181 30 
 270 588 26 
 787 318 17 
 190 882 68 
 235 895 8 
 575 611 81 
 114 547 37 
 192 203 62 
 694 701 39 
 888 248 17 
 695 301 72 
 667 585 89 
 270 738 93 
 774 469 35 
 608 17 84 
 239 856 51 
 823 109 89 
 624 138 54 
 18 6 20 
 492 346 90 
 172 725 43 
 319 687 54 
 417 375 19 
 753 508 96 
 390 742 11 
 762 100 23 
 499 672 26 
 33 220 99 
 43 805 55 
 629 583 27 
 456 73 54 
 524 178 61 
 50 47 89 
 748 777 76 
 504 757 7 
 401 742 45 
 745 378 91 
 834 149 63 
 519 522 38 
 654 437 16 
 748 127 34 
 871 600 8 
 173 571 47 
 282 844 87 
 643 521 50 
 43 120 75 
 333 116 87 
 346 521 53 
 535 81 7 
 774 440 9 
 625 472 20 
 261 427 100 
 186 3 37 
 458 529 67 
 759 871 93 
 535 547 55 
 104 774 15 
 53 460 40 
 687 397 66 
 486 526 12 
 611 225 97 
 311 445 37 
 718 821 9 
 542 277 69 
 512 117 95 
 181 855 37 
 848 541 69 
 381 424 58 
 672 879 28 
 659 66 40 
 222 133 70 
 624 164 5 
 591 250 79 
 554 513 84 
 833 62 70 
 265 255 4 
 422 92 99 
 329 382 60 
 699 848 55 
 290 365 52 
 384 312 52 
 751 625 32 
 735 69 85 
 880 44 32 
 288 388 1 
 264 650 85 
 780 145 92 
 297 538 10 
 750 104 91 
 486 161 44 
 641 70 12 
 774 36 63 
 702 51 89 
 697 759 34 
 849 242 46 
 655 618 19 
 40 547 50 
 169 408 91 
 390 114 56 
 443 545 54 
 497 187 65 
 218 120 34 
 51 11 100 
 720 233 94 
 619 59 39 
 779 600 39 
 697 412 53 
 221 246 36 
 496 309 66 
 496 799 22 
 87 2 55 
 207 90 86 
 498 685 50 
 831 788 65 
 306 56 56 
 711 695 27 
 242 811 3 
 503 179 45 
 705 159 98 
 444 91 58 
 526 64 85 
 415 332 51 
 777 472 85 
 19 612 12 
 435 416 20 
 318 835 11 
 21 360 37 
 852 208 79 
 569 688 85 
 3 358 53 
 746 519 89 
 494 412 93 
 855 869 93 
 527 815 72 
 629 427 100 
 740 11 37 
 30 709 82 
 454 864 56 
 264 501 16 
 891 875 60 
 373 207 5 
 823 730 31 
 602 317 32 
 699 635 20 
 792 543 40 
 260 679 22 
 893 353 52 
 31 815 4 
 97 109 9 
 809 706 14 
 363 559 19 
 642 371 38 
 710 625 55 
 526 894 54 
 133 640 75 
 541 10 49 
 823 545 62 
 485 380 82 
 585 77 8 
 204 248 15 
 845 848 86 
 79 474 34 
 708 322 45 
 394 702 72 
 404 245 73 
 177 569 38 
 421 715 51 
 316 252 52 
 360 256 61 
 212 488 31 
 24 748 93 
 60 757 77 
 459 6 31 
 697 658 29 
 126 826 52 
 213 302 21 
 885 439 29 
 809 89 40 
 346 88 21 
 246 259 87 
 685 136 57 
 705 151 72 
 618 491 63 
 781 782 63 
 275 730 6 
 671 750 59 
 59 628 39 
 145 138 51 
 829 730 74 
 320 420 87 
 120 817 81 
 166 597 44 
 218 874 15 
 663 388 21 
 54 243 17 
 271 314 86 
 320 774 87 
 209 218 58 
 102 332 55 
 640 355 51 
 606 32 50 
 64 679 65 
 3 288 64 
 559 608 35 
 634 690 39 
 422 479 66 
 106 175 80 
 243 108 29 
 141 691 43 
 296 37 42 
 797 473 51 
 361 763 50 
 895 500 43 
 704 244 61 
 322 255 15 
 321 848 4 
 64 374 73 
 593 131 86 
 70 745 14 
 109 30 21 
 618 880 83 
 402 310 1 
 134 789 43 
 442 81 90 
 777 32 45 
 491 503 80 
 459 217 28 
 797 871 19 
 171 392 21 
 81 442 40 
 633 655 17 
 84 803 36 
 121 192 27 
 48 663 25 
 443 511 95 
 694 502 34 
 534 188 96 
 852 170 28 
 327 248 4 
 375 390 52 
 537 346 79 
 327 261 24 
 235 96 44 
 606 560 1 
 672 239 41 
 773 650 61 
 470 108 95 
 523 73 38 
 347 855 58 
 47 591 40 
 216 855 32 
 84 539 14 
 215 159 35 
 634 705 36 
 840 323 66 
 854 628 51 
 613 898 85 
 627 111 74 
 786 574 19 
 719 6 67 
 421 568 71 
 889 221 55 
 466 343 32 
 788 5 45 
 278 613 12 
 275 331 76 
 28 586 96 
 373 743 16 
 632 511 11 
 844 128 61 
 439 192 89 
 261 339 57 
 666 148 63 
 404 207 60 
 67 635 62 
 626 258 99 
 790 116 47 
 674 407 23 
 289 715 11 
 566 292 50 
 763 477 16 
 118 854 59 
 101 658 66 
 597 43 38 
 759 400 35 
 429 822 38 
 897 314 57 
 269 859 72 
 696 161 14 
 58 805 5 
 274 134 93 
 647 388 98 
 802 608 72 
 572 814 63 
 842 429 53 
 150 811 57 
 423 850 50 
 368 537 86 
 643 238 87 
 434 57 36 
 523 701 79 
 627 291 90 
 152 622 80 
 423 480 71 
 654 513 6 
 867 820 33 
 772 493 25 
 319 189 3 
 261 164 51 
 371 396 43 
 514 746 95 
 137 623 91 
 821 111 93 
 334 215 18 
 840 29 79 
 572 56 42 
 269 714 48 
 313 767 75 
 301 62 53 
 635 703 26 
 192 527 12 
 132 806 79 
 603 226 28 
 503 335 39 
 823 674 64 
 875 869 85 
 318 258 45 
 477 634 62 
 700 55 58 
 99 148 99 
 681 803 83 
 595 80 19 
 709 741 8 
 296 731 38 
 787 38 35 
 95 886 94 
 10 825 64 
 285 844 76 
 48 646 84 
 639 20 49 
 408 554 34 
 510 533 81 
 406 609 34 
 413 294 1 
 94 613 17 
 575 485 23 
 58 333 85 
 643 67 93 
 98 367 93 
 462 843 31 
 155 799 50 
 871 862 3 
 894 536 95 
 755 871 85 
 563 233 53 
 525 178 3 
 645 53 75 
 889 652 21 
 106 482 39 
 840 242 76 
 48 443 9 
 312 645 76 
 276 61 94 
 502 882 92 
 683 259 12 
 624 129 28 
 110 522 2 
 192 532 15 
 105 21 94 
 790 208 43 
 636 229 53 
 758 622 72 
 277 394 94 
 265 697 29 
 161 637 83 
 723 360 81 
 777 205 41 
 573 201 57 
 615 419 37 
 591 483 22 
 498 51 96 
 641 540 84 
 197 521 75 
 376 706 8 
 98 81 51 
 19 226 97 
 401 842 86 
 430 88 40 
 491 544 31 
 564 112 13 
 419 487 66 
 798 654 28 
 179 831 79 
 560 279 13 
 485 624 34 
 289 97 11 
 522 108 91 
 796 218 96 
 203 247 36 
 617 492 41 
 470 293 22 
 661 628 96 
 846 716 3 
 581 116 46 
 511 770 96 
 662 876 16 
 649 22 74 
 794 721 30 
 36 803 34 
 611 871 4 
 694 766 15 
 776 189 66 
 588 634 40 
 677 790 86 
 396 807 96 
 477 17 64 
 679 43 79 
 876 475 2 
 561 635 39 
 337 178 29 
 425 594 1 
 682 664 56 
 442 169 82 
 708 720 95 
 233 24 40 
 617 267 19 
 10 408 48 
 640 153 58 
 572 536 81 
 262 14 87 
 527 664 51 
 1 169 24 
 633 404 99 
 245 708 12 
 161 749 24 
 518 267 69 
 371 309 48 
 765 541 71 
 459 83 13 
 471 514 35 
 15 817 29 
 718 88 51 
 300 517 35 
 390 423 84 
 15 291 70 
 545 512 36 
 301 441 68 
 207 59 27 
 621 527 25 
 573 439 36 
 216 378 84 
 741 156 97 
 470 847 57 
 213 807 45 
 105 663 82 
 420 787 96 
 109 154 5 
 500 556 77 
 247 263 51 
 571 242 30 
 143 434 83 
 209 511 56 
 427 499 15 
 566 70 12 
 264 197 74 
 533 835 16 
 141 463 51 
 319 752 71 
 509 382 8 
 237 847 18 
 161 195 60 
 535 108 20 
 438 497 15 
 160 276 41 
 819 870 73 
 600 567 64 
 521 818 92 
 79 21 49 
 670 119 26 
 818 405 4 
 653 409 25 
 610 771 53 
 78 649 88 
 656 351 76 
 184 445 72 
 29 862 78 
 80 408 7 
 851 758 47 
 767 99 24 
 775 429 66 
 693 886 84 
 106 880 7 
 600 365 71 
 158 66 53 
 314 832 82 
 140 314 89 
 365 128 53 
 676 783 20 
 604 48 52 
 566 198 65 
 690 141 14 
 169 667 25 
 275 748 5 
 92 174 58 
 775 42 89 
 818 707 20 
 311 449 99 
 18 246 100 
 215 637 38 
 98 520 17 
 149 262 7 
 126 483 83 
 323 887 46 
 362 388 7 
 514 876 4 
 203 499 87 
 382 248 34 
 399 634 2 
 886 59 35 
 349 638 77 
 619 533 38 
 471 359 54 
 871 697 82 
 668 401 4 
 261 384 70 
 475 246 16 
 602 587 60 
 80 287 39 
 78 290 72 
 745 815 2 
 111 620 79 
 518 362 20 
 573 280 38 
 382 840 97 
 173 563 30 
 448 557 31 
 288 366 56 
 76 661 32 
 732 637 27 
 464 542 69 
 340 569 13 
 457 574 76 
 522 22 18 
 87 479 67 
 495 450 31 
 433 898 53 
 339 701 35 
 463 797 61 
 717 395 95 
 352 814 98 
 214 49 60 
 230 871 87 
 583 850 74 
 676 626 68 
 714 83 52 
 480 447 3 
 885 731 15 
 8 564 46 
 224 401 29 
 353 326 5 
 815 764 63 
 741 889 89 
 720 223 88 
 418 3 78 
 834 238 75 
 400 456 10 
 567 445 60 
 173 728 56 
 456 223 75 
 187 229 1 
 112 191 81 
 546 733 75 
 248 802 14 
 420 346 51 
 729 174 42 
 607 661 19 
 571 140 42 
 467 134 77 
 798 57 57 
 591 716 93 
 308 293 39 
 698 892 17 
 156 691 70 
 606 665 88 
 720 544 99 
 339 274 24 
 271 318 74 
 266 684 74 
 580 16 89 
 539 89 91 
 91 498 82 
 628 52 69 
 629 559 28 
 345 666 70 
 855 240 19 
 158 894 91 
 148 532 50 
 486 464 96 
 640 289 4 
 232 33 63 
 774 489 68 
 850 584 76 
 255 709 72 
 443 430 84 
 372 739 32 
 444 121 14 
 335 20 79 
 292 65 16 
 344 229 11 
 392 878 36 
 342 668 6 
 280 80 24 
 515 143 88 
 841 806 63 
 58 332 100 
 892 605 78 
 152 541 23 
 460 29 39 
 562 750 12 
 366 731 71 
 96 771 32 
 64 519 17 
 729 659 20 
 220 533 24 
 393 571 12 
 319 311 22 
 536 632 39 
 596 818 5 
 618 319 54 
 58 206 69 
 568 520 84 
 320 418 40 
 533 298 71 
 176 91 42 
 295 490 90 
 798 840 44 
 600 822 26 
 892 304 24 
 778 867 33 
 512 793 3 
 171 15 84 
 622 608 28 
 894 883 29 
 387 608 64 
 877 393 19 
 143 13 15 
 187 538 87 
 496 556 87 
 245 893 56 
 480 161 2 
 173 565 31 
 59 298 15 
 24 815 28 
 81 856 72 
 386 480 75 
 447 397 69 
 221 650 71 
 145 310 65 
 120 198 52 
 343 511 64 
 63 97 12 
 666 377 1 
 468 697 56 
 761 860 22 
 266 345 40 
 441 675 15 
 372 144 12 
 217 636 79 
 353 54 70 
 366 197 70 
 771 825 30 
 222 877 65 
 379 700 72 
 293 18 69 
 397 4 5 
 816 729 39 
 795 31 20 
 268 291 98 
 898 348 2 
 593 57 81 
 279 234 12 
 365 500 26 
 182 605 43 
 889 240 64 
 605 66 73 
 815 735 54 
 779 833 82 
 439 269 4 
 508 666 58 
 19 278 28 
 619 47 76 
 593 278 56 
 840 531 68 
 53 716 35 
 261 640 12 
 105 578 50 
 182 734 10 
 651 141 91 
 167 183 20 
 377 844 72 
 362 881 87 
 853 43 7 
 272 678 82 
 394 858 100 
 795 605 7 
 751 664 8 
 458 456 20 
 163 744 74 
 659 5 69 
 395 564 100 
 41 246 82 
 680 298 15 
 891 581 70 
 281 811 59 
 331 777 58 
 507 28 54 
 529 356 14 
 547 738 67 
 735 219 77 
 768 264 30 
 398 197 91 
 881 370 42 
 213 400 74 
 23 673 85 
 147 126 5 
 665 516 53 
 439 518 86 
 91 227 81 
 72 601 1 
 190 136 79 
 359 482 38 
 742 749 34 
 749 784 50 
 802 58 86 
 413 163 89 
 99 724 1 
 402 667 88 
 785 703 47 
 276 571 12 
 705 368 17 
 645 78 36 
 601 852 34 
 249 601 47 
 715 496 50 
 895 408 80 
 574 605 76 
 837 217 47 
 407 630 38 
 143 34 67 
 871 588 75 
 170 414 51 
 513 404 65 
 879 407 38 
 697 797 51 
 450 607 59 
 442 44 85 
 442 711 86 
 255 169 84 
 160 777 29 
 11 192 62 
 690 371 81 
 66 76 93 
 734 707 76 
 888 102 44 
 809 230 64 
 411 34 82 
 308 840 73 
 409 674 50 
 720 463 41 
 703 427 89 
 265 486 81 
 771 327 78 
 744 816 17 
 812 57 44 
 70 841 100 
 742 349 30 
 73 265 28 
 235 218 34 
 836 229 26 
 584 213 92 
 55 431 13 
 777 611 52 
 51 714 28 
 360 388 63 
 805 48 94 
 480 343 44 
 532 586 59 
 703 634 51 
 443 79 26 
 537 130 58 
 742 115 94 
 242 469 50 
 315 401 79 
 853 417 24 
 324 817 1 
 532 453 87 
 488 18 24 
 238 417 13 
 604 262 60 
 838 324 14 
 318 31 73 
 851 509 5 
 60 471 63 
 543 823 20 
 258 810 90 
 728 159 54 
 398 272 26 
 689 487 12 
 752 266 47 
 168 427 2 
 673 99 49 
 898 646 21 
 543 832 65 
 240 186 27 
 110 575 88 
 30 485 38 
 243 862 65 
 264 177 6 
 397 80 46 
 475 756 25 
 867 539 86 
 630 12 5 
 188 497 91 
 574 330 7 
 882 456 47 
 34 876 78 
 487 728 5 
 872 197 62 
 873 608 47 
 339 369 62 
 310 830 99 
 21 855 50 
 251 303 32 
 887 145 21 
 813 672 62 
 636 462 69 
 336 828 3 
 714 655 70 
 119 546 77 
 363 10 54 
 55 226 83 
 446 631 58 
 825 174 16 
 133 532 28 
 872 809 20 
 739 359 23 
 628 748 31 
 850 884 5 
 343 792 50 
 316 376 88 
 883 236 30 
 361 30 91 
 619 124 97 
 449 508 1 
 303 326 49 
 505 480 35 
 301 58 72 
 422 812 80 
 135 62 100 
 34 425 80 
 78 728 86 
 816 892 85 
 389 59 15 
 607 205 22 
 618 344 63 
 688 495 22 
 87 476 54 
 627 144 66 
 570 501 81 
 70 318 20 
 773 775 37 
 513 112 64 
 719 657 7 
 570 76 55 
 170 508 100 
 877 842 84 
 297 53 80 
 3 744 89 
 184 204 79 
 845 367 18 
 650 198 28 
 398 845 3 
 88 308 14 
 191 572 22 
 534 602 10 
 589 38 57 
 352 47 51 
 636 505 84 
 639 586 52 
 2 847 58 
 185 648 22 
 626 899 44 
 723 665 16 
 193 452 20 
 607 21 5 
 412 178 23 
 857 403 72 
 211 836 86 
 20 190 48 
 242 220 42 
 438 141 64 
 753 877 42 
 431 585 91 
 489 300 7 
 5 132 90 
 21 327 66 
 788 490 79 
 411 672 72 
 777 176 54 
 755 595 38 
 161 564 13 
 369 631 24 
 123 387 43 
 672 341 36 
 309 273 21 
 858 570 48 
 278 852 71 
 465 517 55 
 609 401 66 
 634 604 6 
 688 139 4 
 45 347 88 
 162 114 51 
 603 539 5 
 237 344 96 
 602 150 92 
 456 898 76 
 381 324 1 
 159 863 85 
 97 4 24 
 898 553 20 
 500 814 38 
 201 495 77 
 398 37 17 
 184 322 74 
 575 694 62 
 771 687 13 
 899 6 86 
 407 330 88 
 890 211 12 
 598 411 36 
 204 453 66 
 723 18 53 
 268 48 17 
 88 745 94 
 653 788 79 
 382 373 72 
 719 2 65 
 89 748 23 
 126 666 29 
 530 534 76 
 87 415 74 
 811 49 41 
 29 653 17 
 438 827 42 
 734 617 15 
 834 280 12 
 6 496 8 
 532 227 16 
 594 133 1 
 706 710 17 
 317 444 55 
 810 61 1 
 321 805 46 
 345 430 12 
 677 807 48 
 748 198 9 
 8 526 48 
 632 604 46 
 74 664 18 
 383 821 85 
 151 116 74 
 480 677 56 
 732 778 75 
 856 139 80 
 676 255 12 
 125 783 24 
 704 713 83 
 402 272 44 
 56 530 68 
 177 286 37 
 344 228 93 
 541 434 74 
 438 329 59 
 254 558 90 
 55 562 49 
 207 26 73 
 783 775 47 
 518 24 94 
 227 546 54 
 779 529 7 
 504 575 8 
 248 899 34 
 470 464 90 
 487 4 35 
 284 874 92 
 487 648 53 
 456 277 84 
 882 184 36 
 576 18 4 
 589 632 65 
 513 425 17 
 422 474 30 
 16 648 67 
 346 96 47 
 246 811 75 
 394 787 50 
 402 105 42 
 783 95 76 
 265 280 94 
 542 685 10 
 456 215 53 
 245 592 7 
 727 53 27 
 524 660 90 
 790 500 50 
 57 600 95 
 260 44 23 
 703 54 67 
 450 62 19 
 381 61 23 
 315 736 12 
 155 692 79 
 488 897 10 
 38 177 91 
 784 370 82 
 141 14 6 
 719 405 48 
 838 142 79 
 99 789 36 
 650 278 57 
 257 149 82 
 278 249 47 
 555 132 83 
 817 708 68 
 613 360 24 
 771 672 33 
 34 647 62 
 155 748 89 
 616 855 40 
 158 539 23 
 743 305 60 
 161 499 15 
 40 683 82 
 779 261 26 
 50 882 23 
 202 799 32 
 489 734 86 
 566 899 55 
 206 522 27 
 74 561 76 
 316 272 71 
 422 218 62 
 174 861 7 
 602 828 95 
 393 92 70 
 369 440 53 
 191 500 61 
 283 886 25 
 331 583 70 
 159 185 53 
 12 473 2 
 150 126 28 
 153 234 17 
 353 894 74 
 711 67 97 
 70 782 53 
 414 808 85 
 819 706 40 
 569 189 93 
 91 183 71 
 321 18 74 
 714 11 69 
 434 380 89 
 831 459 19 
 83 701 10 
 640 161 55 
 643 226 25 
 717 127 47 
 643 165 34 
 594 60 42 
 368 257 71 
 604 99 61 
 140 469 72 
 69 645 65 
 817 261 94 
 650 760 94 
 252 859 63 
 669 470 93 
 96 520 48 
 598 824 69 
 830 691 46 
 154 782 20 
 482 537 67 
 247 379 30 
 392 617 6 
 72 256 88 
 821 154 54 
 382 309 79 
 563 491 92 
 669 637 79 
 669 737 5 
 276 673 62 
 391 303 24 
 432 744 50 
 234 746 32 
 128 221 66 
 76 579 61 
 636 302 50 
 759 711 27 
 701 793 76 
 62 181 17 
 538 188 81 
 715 513 26 
 419 653 6 
 253 621 99 
 165 469 35 
 208 189 62 
 672 212 8 
 170 112 93 
 349 819 83 
 886 215 12 
 639 250 25 
 377 754 2 
 201 534 44 
 79 758 97 
 292 868 7 
 873 821 37 
 415 684 82 
 623 206 53 
 752 530 57 
 693 123 90 
 404 498 46 
 849 368 98 
 371 518 34 
 142 519 97 
 239 623 69 
 185 116 50 
 453 893 20 
 411 466 6 
 519 431 13 
 207 365 47 
 538 448 48 
 812 697 7 
 850 656 1 
 254 409 5 
 871 328 43 
 329 711 92 
 35 405 31 
 102 783 24 
 51 201 82 
 427 20 51 
 362 273 58 
 891 629 52 
 691 108 85 
 436 84 43 
 793 508 84 
 170 413 84 
 143 504 90 
 639 162 31 
 248 861 21 
 458 556 79 
 808 55 34 
 194 896 43 
 581 30 59 
 2 165 51 
 120 610 56 
 861 191 57 
 404 374 63 
 413 852 4 
 525 847 32 
 555 663 34 
 112 832 44 
 837 688 32 
 283 727 11 
 161 347 7 
 163 176 98 
 16 618 100 
 685 829 95 
 890 57 87 
 616 743 11 
 546 754 38 
 293 769 29 
 860 744 80 
 26 123 50 
 638 566 100 
 39 434 33 
 807 657 63 
 256 434 84 
 745 38 83 
 25 546 20 
 287 678 87 
 495 588 91 
 610 10 69 
 161 832 92 
 390 804 38 
 285 389 51 
 766 510 86 
 126 760 46 
 583 651 62 
 35 874 43 
 158 827 10 
 875 196 1 
 391 430 53 
 160 659 10 
 864 750 73 
 125 353 97 
 314 798 7 
 562 244 32 
 106 503 42 
 73 672 69 
 312 72 41 
 585 29 30 
 353 634 64 
 330 863 43 
 475 439 39 
 546 358 92 
 711 461 90 
 251 407 33 
 530 3 97 
 188 530 61 
 868 894 41 
 250 572 96 
 581 682 84 
 177 631 94 
 101 718 16 
 527 750 83 
 438 691 76 
 764 244 22 
 165 45 82 
 234 872 6 
 794 800 20 
 578 474 26 
 314 761 80 
 876 456 36 
 220 688 43 
 223 112 14 
 95 688 9 
 690 725 92 
 838 785 94 
 233 48 61 
 694 390 91 
 416 215 95 
 850 572 41 
 752 721 96 
 854 581 92 
 222 352 91 
 897 718 100 
 850 368 23 
 421 139 10 
 895 764 8 
 135 566 9 
 747 875 8 
 156 353 42 
 764 652 28 
 847 529 59 
 500 337 69 
 332 187 95 
 727 753 18 
 428 267 52 
 254 662 47 
 619 871 49 
 2 675 18 
 783 139 60 
 735 427 46 
 470 52 35 
 778 286 1 
 332 716 33 
 795 147 74 
 800 209 46 
 508 624 40 
 783 564 35 
 450 833 3 
 662 862 45 
 423 526 7 
 286 429 4 
 556 259 78 
 330 845 3 
 649 614 72 
 173 502 39 
 129 559 57 
 865 354 34 
 260 509 16 
 771 491 25 
 164 119 2 
 378 271 38 
 555 720 30 
 753 805 40 
 805 207 43 
 85 125 13 
 746 399 97 
 12 250 26 
 669 780 44 
 839 227 44 
 367 701 14 
 330 65 11 
 784 444 51 
 347 880 95 
 680 798 75 
 136 544 33 
 659 636 16 
 607 203 65 
 494 703 57 
 579 590 15 
 834 841 28 
 201 6 87 
 449 567 75 
 672 768 72 
 128 792 81 
 712 389 93 
 11 65 44 
 294 722 60 
 785 386 50 
 698 21 16 
 206 483 20 
 202 878 97 
 277 721 21 
 894 486 93 
 494 751 15 
 86 143 44 
 781 442 26 
 766 615 90 
 472 730 87 
 637 765 85 
 103 470 99 
 796 102 43 
 218 18 15 
 830 752 2 
 104 559 76 
 243 800 45 
 6 647 83 
 451 44 88 
 272 550 62 
 815 266 44 
 207 697 70 
 130 710 46 
 862 605 97 
 154 264 47 
 598 811 76 
 9 811 83 
 741 723 75 
 467 864 46 
 804 838 29 
 574 111 18 
 95 896 42 
 793 811 81 
 733 317 57 
 46 747 13 
 126 47 68 
 504 820 22 
 629 834 24 
 111 742 45 
 819 845 25 
 309 328 64 
 297 82 39 
 596 490 86 
 781 90 44 
 65 631 64 
 445 608 41 
 364 787 72 
 511 297 4 
 476 813 80 
 214 697 45 
 875 107 86 
 385 198 37 
 446 230 70 
 230 119 79 
 298 781 41 
 437 612 13 
 826 649 2 
 681 682 12 
 120 767 45 
 52 424 80 
 656 654 56 
 113 528 76 
 257 47 64 
 264 95 81 
 719 254 72 
 474 466 97 
 4 395 42 
 51 583 4 
 338 783 36 
 24 253 69 
 226 36 96 
 548 293 1 
 23 57 24 
 896 806 59 
 891 131 98 
 123 26 4 
 346 629 42 
 199 413 92 
 700 481 95 
 109 576 11 
 727 125 26 
 819 266 6 
 304 529 97 
 401 89 80 
 310 297 61 
 808 664 32 
 575 7 41 
 414 330 23 
 232 369 89 
 258 626 80 
 152 63 93 
 108 549 7 
 765 565 4 
 177 462 6 
 468 481 1 
 9 7 36 
 507 299 92 
 397 311 100 
 633 543 23 
 142 612 86 
 561 589 86 
 36 66 93 
 703 843 26 
 6 263 54 
 98 598 68 
 372 837 18 
 313 365 27 
 868 24 92 
 463 790 57 
 641 209 98 
 138 756 20 
 131 207 90 
 193 80 36 
 440 240 66 
 617 883 53 
 53 46 64 
 11 684 84 
 331 421 26 
 141 387 23 
 383 399 46 
 796 395 60 
 537 702 73 
 882 823 29 
 254 137 67 
 523 481 82 
 375 847 23 
 100 427 58 
 34 279 87 
 524 779 8 
 843 443 71 
 299 890 83 
 217 410 16 
 816 783 8 
 248 187 62 
 713 479 95 
 782 740 40 
 857 358 88 
 470 664 9 
 430 508 31 
 697 106 64 
 41 548 9 
 889 51 41 
 92 295 22 
 507 513 62 
 327 189 60 
 160 477 5 
 36 787 69 
 826 354 19 
 465 779 78 
 854 571 27 
 509 805 56 
 20 781 25 
 215 260 48 
 59 208 46 
 50 399 65 
 115 792 24 
 483 471 77 
 283 757 93 
 42 327 73 
 818 769 98 
 348 243 40 
 870 123 5 
 677 749 7 
 427 586 96 
 781 468 72 
 543 866 62 
 648 151 12 
 818 173 29 
 766 789 84 
 269 548 51 
 701 643 25 
 30 381 32 
 154 288 48 
 555 560 43 
 215 865 73 
 327 66 60 
 295 631 99 
 214 473 2 
 431 469 95 
 809 444 70 
 259 497 77 
 871 303 10 
 774 618 31 
 375 288 33 
 657 889 74 
 335 122 4 
 282 831 39 
 59 774 18 
 494 61 95 
 342 270 96 
 446 883 92 
 815 570 79 
 240 580 24 
 827 716 31 
 130 887 37 
 701 672 92 
 865 445 31 
 315 479 31 
 630 501 21 
 854 396 83 
 185 768 99 
 732 555 39 
 789 887 75 
 101 641 39 
 54 815 55 
 784 69 31 
 58 115 21 
 515 233 14 
 425 442 32 
 795 612 55 
 713 726 21 
 76 522 76 
 224 249 37 
 531 619 20 
 731 174 54 
 641 153 87 
 324 869 69 
 773 285 60 
 857 174 37 
 44 554 37 
 537 159 48 
 118 261 47 
 36 163 83 
 455 636 25 
 729 123 51 
 45 706 50 
 145 260 15 
 823 637 6 
 320 465 71 
 240 406 99 
 603 356 46 
 46 328 75 
 81 595 88 
 337 718 30 
 202 501 80 
 336 652 88 
 776 96 75 
 184 206 67 
 72 631 83 
 618 836 97 
 158 381 14 
 683 395 88 
 569 485 9 
 403 732 83 
 41 417 60 
 397 849 49 
 194 51 97 
 266 883 14 
 662 538 30 
 856 295 15 
 269 744 87 
 453 78 51 
 343 439 83 
 450 748 91 
 145 669 66 
 253 127 35 
 284 432 85 
 441 282 70 
 534 233 63 
 235 847 52 
 886 475 64 
 280 826 56 
 224 496 10 
 533 17 44 
 189 338 6 
 675 431 91 
 632 450 45 
 390 222 23 
 322 732 2 
 51 145 51 
 144 180 60 
 489 334 73 
 408 587 60 
 882 837 56 
 175 48 68 
 222 563 81 
 373 342 23 
 54 465 41 
 799 818 19 
 125 473 41 
 420 419 98 
 608 537 3 
 603 139 57 
 407 308 4 
 490 283 67 
 509 484 61 
 7 289 50 
 235 864 26 
 96 667 52 
 761 203 31 
 498 114 3 
 284 470 45 
 662 489 21 
 241 4 41 
 334 754 4 
 270 663 70 
 223 602 29 
 415 658 75 
 230 404 39 
 580 871 84 
 210 319 10 
 893 203 94 
 181 8 58 
 590 504 16 
 414 215 98 
 697 251 52 
 362 139 71 
 96 287 69 
 625 411 9 
 162 790 13 
 408 609 51 
 52 271 19 
 863 283 65 
 213 639 66 
 237 78 28 
 760 58 63 
 472 579 29 
 532 505 12 
 376 406 92 
 661 107 14 
 660 242 13 
 325 343 33 
 162 166 17 
 791 604 95 
 700 851 50 
 170 674 42 
 625 325 31 
 207 598 97 
 539 334 98 
 144 879 57 
 473 93 49 
 702 86 1 
 17 638 46 
 150 381 56 
 21 615 23 
 899 353 15 
 797 851 6 
 614 499 98 
 562 346 4 
 739 848 28 
 426 58 34 
 751 324 95 
 778 423 41 
 835 525 79 
 540 645 11 
 621 749 86 
 43 704 73 
 80 716 22 
 49 82 40 
 367 827 26 
 188 585 63 
 463 435 92 
 65 752 9 
 598 610 56 
 758 422 44 
 860 462 11 
 31 222 9 
 602 147 29 
 691 401 8 
 635 733 78 
 452 657 88 
 75 661 3 
 459 493 17 
 821 659 59 
 586 628 66 
 98 170 66 
 495 307 96 
 221 833 62 
 224 218 15 
 311 327 41 
 802 562 65 
 766 378 4 
 340 670 86 
 268 749 90 
 647 43 68 
 757 882 27 
 295 391 54 
 613 247 55 
 615 126 7 
 708 862 70 
 265 725 58 
 108 197 83 
 663 531 38 
 584 751 80 
 267 2 82 
 85 637 69 
 794 697 17 
 317 84 8 
 707 255 69 
 847 89 96 
 872 124 40 
 192 566 58 
 501 344 10 
 525 449 92 
 210 374 66 
 453 24 16 
 615 99 23 
 764 494 3 
 221 101 79 
 410 571 24 
 65 457 1 
 782 71 39 
 569 9 89 
 466 861 97 
 5 804 56 
 755 265 61 
 287 772 14 
 204 458 60 
 538 440 49 
 240 172 91 
 408 100 40 
 610 560 13 
 556 297 16 
 126 691 5 
 646 309 86 
 534 792 66 
 686 594 77 
 541 56 47 
 769 890 39 
 879 594 27 
 389 797 71 
 730 24 34 
 183 263 46 
 213 58 87 
 569 18 31 
 666 691 84 
 393 776 22 
 627 74 77 
 118 707 13 
 328 619 44 
 735 617 12 
 203 619 99 
 855 394 42 
 689 644 43 
 841 169 22 
 821 631 56 
 895 808 72 
 297 294 31 
 456 603 5 
 826 163 26 
 664 836 88 
 731 389 3 
 181 769 8 
 699 56 50 
 25 370 67 
 492 74 71 
 283 641 89 
 744 261 23 
 689 726 15 
 211 248 74 
 259 683 99 
 767 193 61 
 340 891 89 
 367 632 13 
 334 206 58 
 52 168 69 
 152 686 30 
 42 188 24 
 251 347 14 
 729 572 32 
 867 596 66 
 319 800 98 
 171 834 68 
 253 212 46 
 465 594 60 
 428 397 77 
 280 809 31 
 455 610 85 
 217 652 41 
 585 416 4 
 242 685 19 
 162 105 13 
 623 279 48 
 876 472 100 
 268 637 6 
 649 55 16 
 190 688 76 
 701 692 99 
 443 578 62 
 835 665 14 
 183 446 44 
 173 364 41 
 867 441 26 
 732 289 89 
 56 179 93 
 695 644 92 
 542 876 83 
 459 258 39 
 779 213 69 
 157 862 4 
 51 410 75 
 27 454 44 
 211 684 91 
 310 794 92 
 669 516 64 
 478 641 12 
 257 487 36 
 414 655 10 
 881 798 51 
 404 885 57 
 219 866 85 
 850 386 11 
 88 632 45 
 613 139 69 
 140 779 54 
 674 720 42 
 556 890 97 
 286 887 76 
 222 717 68 
 586 742 2 
 573 630 98 
 93 875 77 
 104 7 72 
 418 229 47 
 642 595 81 
 837 178 16 
 123 722 14 
 241 842 49 
 228 70 27 
 607 459 79 
 689 315 4 
 740 70 62 
 843 892 22 
 283 711 1 
 765 117 73 
 107 508 40 
 728 5 77 
 509 148 30 
 360 189 3 
 797 135 26 
 606 116 75 
 538 232 31 
 543 287 83 
 632 262 73 
 110 643 23 
 382 899 54 
 93 356 70 
 549 595 39 
 477 570 19 
 266 574 77 
 847 245 21 
 633 271 11 
 396 574 16 
 148 797 94 
 110 196 69 
 44 221 84 
 646 438 89 
 553 45 23 
 700 232 11 
 739 765 28 
 604 5 82 
 488 1 62 
 652 702 12 
 575 118 28 
 640 586 33 
 448 772 23 
 885 676 20 
 433 113 75 
 401 93 85 
 558 517 2 
 235 697 11 
 786 732 85 
 858 366 78 
 201 358 83 
 589 510 12 
 587 433 84 
 8 537 35 
 568 781 33 
 635 756 21 
 647 889 97 
 815 582 76 
 235 763 62 
 735 845 21 
 782 335 75 
 44 35 37 
 864 552 43 
 677 150 50 
 668 821 32 
 308 797 15 
 398 620 25 
 128 92 37 
 895 705 7 
 649 104 82 
 555 503 30 
 248 136 48 
 194 827 15 
 502 860 6 
 532 65 26 
 113 344 67 
 311 501 59 
 416 157 15 
 880 204 73 
 43 674 75 
 300 397 87 
 36 181 86 
 385 508 42 
 216 857 91 
 452 646 13 
 553 221 65 
 516 593 88 
 576 518 36 
 195 620 7 
 131 358 20 
 769 775 36 
 650 100 58 
 437 711 18 
 434 28 59 
 245 578 31 
 598 756 34 
 462 51 33 
 421 713 68 
 605 368 33 
 860 307 11 
 791 19 89 
 77 187 17 
 432 738 6 
 789 834 28 
 156 314 59 
 741 220 12 
 269 275 48 
 696 328 19 
 131 499 51 
 655 864 9 
 755 57 77 
 124 609 96 
 334 69 24 
 142 813 76 
 249 395 32 
 562 39 28 
 452 737 34 
 385 668 27 
 331 572 78 
 704 358 21 
 527 344 78 
 189 659 24 
 103 421 97 
 99 174 78 
 556 662 84 
 285 78 56 
 128 843 11 
 671 128 76 
 406 473 73 
 317 716 56 
 425 114 30 
 231 250 88 
 738 729 11 
 287 589 16 
 279 852 38 
 509 4 45 
 284 388 98 
 738 404 37 
 652 192 25 
 694 344 61 
 530 728 61 
 655 657 100 
 569 64 71 
 363 864 62 
 257 403 27 
 366 343 29 
 554 670 24 
 501 34 65 
 745 368 64 
 675 19 49 
 639 566 18 
 270 196 56 
 92 213 20 
 617 825 40 
 31 818 17 
 832 150 90 
 652 48 35 
 563 811 90 
 603 69 83 
 110 69 82 
 265 580 54 
 897 86 70 
 761 710 52 
 240 713 31 
 875 235 75 
 611 98 91 
 307 751 76 
 883 3 98 
 778 402 1 
 578 636 9 
 264 236 37 
 251 151 9 
 649 623 61 
 361 392 3 
 708 613 53 
 370 807 16 
 115 867 17 
 122 754 4 
 547 40 96 
 410 479 27 
 721 449 34 
 595 105 25 
 519 672 3 
 120 413 26 
 322 835 64 
 762 370 48 
 304 497 89 
 145 25 17 
 573 786 34 
 182 309 31 
 236 374 76 
 35 120 96 
 484 257 59 
 35 720 16 
 236 51 72 
 369 83 86 
 615 122 94 
 648 707 44 
 265 748 79 
 718 240 62 
 697 199 42 
 889 715 17 
 775 489 97 
 346 156 19 
 302 293 73 
 204 865 27 
 856 167 59 
 454 820 14 
 764 316 44 
 752 29 63 
 861 712 2 
 680 655 71 
 844 887 71 
 668 888 33 
 782 549 55 
 774 139 64 
 775 688 40 
 673 422 96 
 401 289 21 
 35 161 4 
 792 579 87 
 23 437 100 
 294 230 14 
 584 790 64 
 104 510 20 
 134 490 77 
 890 205 100 
 422 796 59 
 626 469 69 
 578 300 47 
 672 884 61 
 483 506 73 
 112 509 18 
 7 354 21 
 44 300 9 
 327 161 38 
 623 43 26 
 535 399 91 
 608 141 46 
 700 897 50 
 24 837 19 
 500 724 37 
 763 590 44 
 345 95 42 
 734 13 1 
 512 830 16 
 16 86 8 
 869 673 35 
 647 829 87 
 286 508 27 
 584 806 1 
 747 692 79 
 282 475 60 
 17 646 20 
 383 25 64 
 612 664 77 
 596 191 72 
 855 390 23 
 121 410 85 
 795 39 90 
 174 366 72 
 382 243 71 
 417 703 67 
 693 437 50 
 523 761 11 
 143 163 47 
 681 387 82 
 518 783 20 
 527 239 81 
 386 600 57 
 477 816 58 
 854 323 62 
 143 488 50 
 740 847 18 
 527 99 55 
 334 484 19 
 703 223 84 
 864 467 23 
 478 536 25 
 435 546 43 
 353 762 17 
 436 586 93 
 437 620 9 
 300 893 58 
 91 188 70 
 44 843 79 
 793 452 66 
 893 897 85 
 323 481 11 
 412 295 56 
 340 195 28 
 171 615 34 
 594 124 64 
 635 3 93 
 605 395 75 
 653 507 32 
 858 622 99 
 82 675 73 
 808 230 97 
 896 321 83 
 648 634 33 
 72 490 84 
 627 844 71 
 100 229 10 
 496 89 66 
 81 332 7 
 839 255 93 
 558 783 76 
 429 21 49 
 9 217 20 
 460 724 47 
 40 197 55 
 484 708 21 
 274 223 64 
 288 509 93 
 867 302 9 
 13 72 40 
 187 724 17 
 751 6 50 
 38 895 96 
 308 59 39 
 15 393 88 
 378 40 2 
 538 656 45 
 523 693 23 
 401 390 57 
 272 601 44 
 240 64 52 
 735 764 8 
 471 326 4 
 297 646 34 
 355 584 21 
 391 38 74 
 433 606 86 
 896 384 24 
 340 44 37 
 693 708 40 
 617 593 84 
 143 75 37 
 718 853 35 
 181 353 68 
 777 503 62 
 97 3 77 
 276 103 65 
 826 413 22 
 99 308 18 
 115 317 98 
 467 705 66 
 53 742 26 
 313 92 14 
 679 586 27 
 189 474 43 
 639 746 13 
 699 233 71 
 116 477 76 
 642 817 50 
 862 280 97 
 304 113 9 
 155 887 82 
 243 486 34 
 193 164 15 
 146 467 36 
 886 758 61 
 139 79 70 
 657 837 35 
 521 867 10 
 343 635 34 
 386 414 1 
 612 823 4 
 263 804 32 
 705 518 92 
 345 82 25 
 82 60 43 
 253 600 27 
 839 779 92 
 703 429 77 
 357 781 69 
 608 132 29 
 431 84 60 
 497 877 92 
 382 353 18 
 806 129 5 
 365 535 77 
 42 400 35 
 84 226 81 
 603 755 54 
 345 538 57 
 358 190 39 
 597 763 74 
 1 59 83 
 112 479 57 
 362 879 12 
 395 714 90 
 554 334 10 
 192 155 76 
 655 654 19 
 590 379 90 
 14 321 30 
 787 708 90 
 841 17 89 
 53 345 65 
 841 740 92 
 28 577 7 
 753 27 39 
 127 215 7 
 852 692 21 
 386 717 93 
 42 413 16 
 6 233 84 
 360 586 36 
 656 76 47 
 367 277 94 
 701 318 6 
 827 256 97 
 236 267 3 
 351 416 77 
 723 640 17 
 816 321 89 
 569 29 24 
 688 719 48 
 555 517 77 
 836 892 68 
 113 359 34 
 244 705 83 
 807 280 85 
 302 854 52 
 286 829 6 
 664 605 83 
 892 689 38 
 79 547 44 
 869 783 31 
 788 649 99 
 706 734 10 
 432 340 55 
 881 796 92 
 840 264 100 
 40 269 58 
 505 864 37 
 172 681 86 
 311 188 66 
 92 190 46 
 446 32 8 
 371 600 70 
 801 6 91 
 784 594 19 
 422 447 9 
 343 723 81 
 345 152 76 
 518 661 56 
 887 39 66 
 132 247 86 
 299 335 48 
 713 632 75 
 186 277 19 
 278 428 47 
 879 339 79 
 39 266 75 
 512 202 5 
 272 824 70 
 643 326 14 
 256 556 53 
 869 145 1 
 410 803 12 
 677 806 9 
 551 287 10 
 594 445 3 
 382 741 53 
 198 43 17 
 773 405 4 
 615 602 90 
 212 563 94 
 533 529 32 
 527 786 27 
 183 791 91 
 748 708 45 
 513 119 37 
 430 708 37 
 161 20 24 
 654 44 87 
 342 216 11 
 778 744 15 
 203 384 95 
 878 446 40 
 264 881 28 
 50 241 16 
 893 513 52 
 877 736 4 
 54 464 75 
 355 719 33 
 295 899 52 
 735 248 94 
 430 735 79 
 179 561 97 
 168 80 29 
 681 71 43 
 618 235 13 
 466 795 18 
 547 252 76 
 390 299 27 
 552 347 57 
 461 181 33 
 316 619 5 
 205 67 4 
 674 545 35 
 190 312 69 
 17 209 50 
 778 293 9 
 665 498 86 
 597 235 66 
 123 103 50 
 850 144 9 
 664 766 94 
 668 853 16 
 722 813 24 
 555 828 31 
 851 260 90 
 737 736 81 
 691 498 87 
 489 474 26 
 737 300 14 
 568 56 59 
 334 564 21 
 278 791 82 
 141 748 73 
 178 356 19 
 353 107 86 
 585 460 18 
 373 180 43 
 564 391 64 
 813 443 90 
 551 316 25 
 137 70 2 
 113 683 95 
 415 703 73 
 595 852 48 
 547 489 27 
 872 171 7 
 841 430 98 
 862 165 4 
 897 785 17 
 347 534 93 
 16 761 4 
 535 711 35 
 457 270 96 
 321 561 2 
 284 579 96 
 334 381 36 
 233 283 38 
 488 8 57 
 315 810 65 
 414 122 16 
 41 57 63 
 689 314 51 
 187 495 85 
 334 529 57 
 763 110 100 
 499 800 7 
 324 664 15 
 439 647 28 
 147 199 58 
 643 457 41 
 135 323 87 
 63 786 89 
 786 689 23 
 149 278 22 
 822 781 76 
 895 150 12 
 857 712 34 
 493 75 41 
 631 51 14 
 305 132 13 
 438 262 9 
 373 533 1 
 442 6 99 
 748 417 38 
 10 741 54 
 880 633 50 
 768 731 45 
 373 353 38 
 508 528 72 
 40 62 31 
 603 306 27 
 52 476 65 
 117 431 98 
 351 833 23 
 101 613 50 
 276 212 43 
 833 384 92 
 624 145 20 
 255 334 26 
 771 250 50 
 388 578 16 
 267 525 95 
 40 647 25 
 81 167 53 
 759 559 44 
 391 168 47 
 476 703 70 
 656 139 82 
 111 347 28 
 785 565 46 
 84 899 48 
 375 453 49 
 686 397 65 
 528 62 61 
 790 56 57 
 490 835 29 
 272 566 56 
 560 680 75 
 534 121 33 
 516 770 20 
 376 704 82 
 588 153 7 
 289 442 53 
 325 329 83 
 507 30 8 
 9 162 63 
 139 543 33 
 794 343 17 
 876 508 87 
 767 467 94 
 284 571 79 
 620 382 24 
 580 414 23 
 253 41 97 
 882 448 10 
 450 334 7 
 286 398 16 
 787 842 57 
 648 553 33 
 407 682 22 
 861 222 24 
 651 253 37 
 184 260 19 
 359 394 12 
 275 154 87 
 346 838 96 
 79 190 29 
 850 487 1 
 484 105 100 
 223 92 35 
 808 698 24 
 713 785 61 
 514 726 44 
 164 619 33 
 780 218 68 
 776 16 75 
 752 625 37 
 404 790 46 
 222 537 22 
 262 755 14 
 340 393 58 
 72 59 3 
 349 615 92 
 745 626 12 
 644 387 49 
 193 712 24 
 150 451 61 
 676 89 81 
 43 196 86 
 191 240 63 
 843 572 79 
 747 637 85 
 123 110 4 
 390 394 70 
 675 56 97 
 91 163 100 
 609 246 10 
 761 611 7 
 732 457 24 
 546 583 54 
 195 282 32 
 480 447 28 
 847 503 94 
 285 175 44 
 98 298 18 
 655 311 64 
 828 637 16 
 209 28 37 
 647 445 38 
 300 510 81 
 187 448 38 
 288 861 93 
 489 894 91 
 502 567 11 
 263 554 57 
 44 515 37 
 436 319 39 
 85 432 29 
 224 490 25 
 626 588 23 
 657 125 75 
 380 802 93 
 794 706 33 
 495 520 54 
 817 211 66 
 592 583 94 
 352 562 84 
 870 838 71 
 282 157 75 
 724 248 77 
 898 58 69 
 869 899 2 
 289 458 55 
 214 398 85 
 762 453 91 
 512 167 67 
 634 695 47 
 279 226 35 
 882 690 88 
 893 87 92 
 845 699 70 
 591 99 15 
 755 351 73 
 647 608 54 
 684 129 15 
 227 87 74 
 20 874 69 
 475 133 12 
 50 506 78 
 687 375 1 
 409 820 18 
 61 221 94 
 532 52 45 
 20 241 94 
 429 674 77 
 199 241 20 
 191 566 100 
 207 881 46 
 59 274 70 
 261 488 72 
 861 516 67 
 403 375 45 
 503 301 63 
 242 149 65 
 316 81 25 
 116 134 56 
 300 625 19 
 661 14 62 
 33 670 58 
 292 745 52 
 41 157 26 
 129 484 61 
 219 132 5 
 379 333 70 
 22 100 24 
 694 308 22 
 643 555 86 
 802 99 29 
 348 270 74 
 696 718 42 
 18 541 52 
 802 77 33 
 234 122 14 
 601 526 67 
 104 370 84 
 182 190 72 
 545 555 49 
 199 894 90 
 169 204 95 
 84 466 92 
 307 117 86 
 567 875 24 
 662 34 95 
 193 173 41 
 347 423 61 
 874 881 41 
 218 525 11 
 452 119 98 
 802 435 74 
 45 101 31 
 299 850 63 
 749 573 14 
 883 227 82 
 664 285 57 
 770 110 76 
 317 33 39 
 745 539 18 
 63 267 81 
 561 717 22 
 247 167 41 
 798 731 27 
 899 802 15 
 521 120 72 
 462 281 74 
 501 99 69 
 232 645 38 
 822 532 79 
 694 376 36 
 559 98 18 
 454 731 29 
 69 521 65 
 273 8 15 
 707 303 51 
 405 451 57 
 789 494 26 
 16 123 6 
 535 689 59 
 536 886 61 
 159 808 41 
 240 409 50 
 416 12 12 
 707 796 76 
 51 455 67 
 612 73 45 
 600 147 45 
 376 499 25 
 295 448 40 
 634 518 10 
 568 58 17 
 442 202 70 
 28 436 86 
 816 183 29 
 774 97 68 
 862 438 76 
 489 18 87 
 153 73 80 
 318 479 87 
 127 118 38 
 659 688 98 
 843 782 74 
 558 345 13 
 326 572 36 
 462 296 8 
 109 575 44 
 312 632 97 
 841 641 17 
 58 1 76 
 710 600 68 
 58 153 6 
 37 818 31 
 261 696 23 
 550 540 8 
 573 63 57 
 855 639 47 
 667 713 68 
 392 8 52 
 800 680 31 
 800 505 3 
 694 358 77 
 116 309 57 
 242 887 24 
 347 239 36 
 206 560 23 
 868 265 56 
 797 876 6 
 204 64 81 
 212 569 57 
 548 881 66 
 876 602 23 
 421 109 57 
 542 138 69 
 826 112 40 
 424 386 22 
 112 702 47 
 193 332 88 
 155 864 33 
 674 637 89 
 31 219 15 
 390 587 40 
 326 822 2 
 193 789 21 
 306 134 52 
 232 386 36 
 234 4 96 
 336 241 50 
 611 163 92 
 863 593 68 
 151 186 1 
 22 893 38 
 332 353 21 
 439 40 10 
 568 741 55 
 163 843 69 
 858 809 46 
 294 883 51 
 523 104 95 
 417 251 23 
 848 260 35 
 250 311 21 
 69 265 40 
 706 409 23 
 205 385 76 
 117 684 66 
 339 459 71 
 565 25 54 
 748 23 79 
 36 638 45 
 626 859 82 
 824 475 37 
 621 268 48 
 193 483 90 
 607 852 45 
 66 8 26 
 789 236 23 
 705 374 7 
 259 183 31 
 203 504 37 
 300 565 20 
 385 137 79 
 37 703 15 
 416 858 63 
 870 822 35 
 887 198 50 
 545 15 53 
 535 221 84 
 751 534 52 
 864 711 100 
 427 467 59 
 850 833 91 
 897 642 15 
 240 223 28 
 157 663 49 
 390 820 9 
 853 123 9 
 832 506 91 
 614 178 15 
 622 267 64 
 763 169 2 
 422 39 29 
 772 213 4 
 352 768 89 
 256 832 66 
 4 734 10 
 272 347 97 
 531 319 94 
 49 445 32 
 874 608 58 
 475 583 78 
 81 67 94 
 274 810 68 
 236 607 37 
 673 385 90 
 732 377 88 
 36 346 90 
 356 397 77 
 843 858 93 
 631 423 78 
 811 188 20 
 575 286 5 
 799 549 8 
 672 805 97 
 610 551 70 
 314 37 50 
 276 740 5 
 539 817 99 
 95 759 44 
 160 121 61 
 7 152 86 
 669 732 42 
 388 189 44 
 405 18 66 
 142 357 41 
 707 481 21 
 244 59 6 
 621 87 91 
 289 358 80 
 212 189 11 
 372 273 22 
 534 718 31 
 500 123 14 
 421 252 90 
 468 378 77 
 334 533 8 
 689 537 35 
 793 29 22 
 425 495 15 
 236 744 31 
 179 338 65 
 782 642 86 
 226 167 13 
 663 374 46 
 784 171 19 
 737 326 92 
 689 666 11 
 608 146 74 
 628 789 17 
 242 213 65 
 202 80 4 
 329 671 94 
 221 68 35 
 409 284 68 
 233 688 30 
 578 196 45 
 810 442 17 
 219 54 10 
 28 325 77 
 9 624 75 
 448 91 73 
 756 247 53 
 186 816 49 
 214 437 92 
 217 815 71 
 218 440 97 
 586 438 73 
 886 279 7 
 392 494 27 
 344 29 16 
 847 237 59 
 666 611 51 
 820 475 14 
 768 690 15 
 360 432 33 
 108 8 48 
 794 543 34 
 343 804 46 
 80 126 80 
 681 80 61 
 895 622 14 
 463 20 32 
 624 46 2 
 98 813 100 
 684 890 43 
 841 873 28 
 807 345 54 
 52 742 36 
 677 596 48 
 822 767 3 
 823 657 7 
 670 761 51 
 728 307 20 
 656 578 76 
 386 764 12 
 327 194 9 
 799 313 86 
 875 600 27 
 24 779 62 
 296 700 9 
 792 268 91 
 408 523 34 
 101 544 46 
 155 682 20 
 801 103 94 
 36 64 84 
 620 252 22 
 378 487 22 
 649 865 75 
 828 650 22 
 467 868 99 
 631 772 95 
 393 738 61 
 721 412 18 
 250 459 21 
 146 312 71 
 867 39 39 
 344 222 96 
 216 74 80 
 76 12 30 
 341 820 83 
 400 372 66 
 446 643 50 
 514 804 1 
 258 781 99 
 86 779 17 
 264 517 77 
 208 101 6 
 861 340 43 
 631 537 17 
 217 571 29 
 396 428 68 
 671 397 98 
 822 585 95 
 712 484 76 
 59 238 50 